frame,triangle_0,triangle_1,triangle_2,triangle_3,triangle_4,triangle_5,triangle_6,triangle_7,triangle_8,triangle_9,triangle_10,triangle_11,triangle_12,triangle_13,triangle_14,triangle_15,triangle_16,triangle_17,triangle_18,triangle_19,triangle_20,triangle_21,triangle_22,triangle_23,triangle_24,triangle_25,triangle_26,triangle_27,triangle_28,triangle_29,triangle_30,triangle_31,triangle_32,triangle_33,triangle_34,triangle_35,triangle_36,triangle_37,triangle_38,triangle_39,triangle_40,triangle_41,triangle_42,triangle_43,triangle_44,triangle_45,triangle_46,triangle_47,triangle_48,triangle_49,triangle_50,triangle_51,triangle_52,triangle_53,triangle_54,triangle_55,triangle_56,triangle_57,triangle_58,triangle_59,triangle_60,triangle_61,triangle_62,triangle_63,triangle_64,triangle_65,triangle_66,triangle_67,triangle_68,triangle_69,triangle_70,triangle_71,triangle_72,triangle_73,triangle_74,triangle_75,triangle_76,triangle_77,triangle_78,triangle_79,triangle_80,triangle_81,triangle_82,triangle_83,triangle_84,triangle_85,triangle_86,triangle_87,triangle_88,triangle_89,triangle_90,triangle_91,triangle_92,triangle_93,triangle_94,triangle_95,triangle_96,triangle_97,triangle_98,triangle_99,triangle_100,triangle_101,triangle_102,triangle_103,triangle_104,triangle_105,triangle_106,triangle_107,triangle_108,triangle_109
1,0.027909254121103313,0.008650236657417987,0.008106196616070942,0.0063652684837604044,0.0021761601653881727,0.002067352157118764,0.001904140144714651,0.007507752570589195,0.0023937761819269898,0.003590664272890485,0.007235732549915674,0.005222784396931615,0.007507752570589195,0.0075621565747239,0.008378216636744464,0.008487024645013873,0.005005168380392797,0.011479244872422611,0.032098362439475545,0.020510309558783527,0.0013601001033676078,0.00277460421086992,0.00021761601653881726,0.0010880800826940863,0.0007072520537511561,0.0053315924052010225,0.009575104727707959,0.01425384908329253,0.006093248463086883,0.0016865241281758337,0.001904140144714651,0.0020129481529840595,0.0075621565747239,0.025787497959849845,0.003318644252216963,0.002937816223274033,0.005984440454817474,0.029432566236875034,0.026929982046678635,0.0138730210543496,0.03715793482400305,0.00832381263260976,0.01109841684347968,0.053152712039606115,0.09651270333496545,0.0023393721777922854,0.007507752570589195,0.0009792720744246776,0.0013056960992329036,0.0023937761819269898,0.0032098362439475546,0.0063108644796257005,0.013927425058484304,0.0017953321364452424,0.0063652684837604044,0.010935204831075566,0.003101028235678146,0.0015233121157717207,0.0018497361405799466,0.0020129481529840595,0.02170719764974702,0.03188074642293673,0.03623306675371307,0.06827702518905392,0.007888580599532126,0.003699472281159893,0.0037538762852945976,0.0036450682770251893,0.0035362602687557805,0.0008160600620205648,0.0012512920950981993,0.0013601001033676078,0.0010880800826940863,0.0016865241281758337,0.0017953321364452424,0.009248680702899734,0.009303084707034438,0.004243512322506937,0.0009792720744246776,0.0013056960992329036,0.005984440454817474,0.0028290082150046244,0.004189108318372232,0.005875632446548066,0.004025896305968119,0.003318644252216963,0.0033730482563516673,0.004950764376258092,0.005005168380392797,0.004080300310102824,0.007779772591262717,0.002067352157118764,0.0008160600620205648,0.0023393721777922854,0.004461128339045754,0.020619117567052935,0.0023937761819269898,0.004733148359719276,0.004406724334911049,0.006038844458952179,0.004243512322506937,0.008051792611936238,0.004189108318372232,0.027202002067352158,0.0011968880909634949,0.0017953321364452424,0.001740928132310538,0.0016321201240411295,0.009031064686360916,0.009139872694630324
2,0.027593338412974854,0.00843583324262545,0.00800043539784478,0.006367693479917274,0.002122564493305758,0.0019592903015130075,0.0018504408403178403,0.007619462283661696,0.0024491128768912595,0.0035920322194405137,0.0074561880918689455,0.005115924676172853,0.007673887014259279,0.007619462283661696,0.008272559050832698,0.00843583324262545,0.004952650484380102,0.01121149450310221,0.03189289213018395,0.020953521280069665,0.001415042995537172,0.002830085991074344,0.00016327419179275064,0.0010340698813540872,0.000707521497768586,0.005279198867965604,0.009905300968760205,0.014204854685969305,0.0059867203657341895,0.0016327419179275062,0.0018504408403178403,0.001904865570915424,0.007238489169478611,0.026069445956242516,0.0032654838358550124,0.002884510721671928,0.0059867203657341895,0.029879177098073365,0.02753891368237727,0.013715032110591052,0.03689996734516164,0.008326983781430281,0.010993795580711875,0.05317296179383912,0.09600522477413737,0.002394688146293676,0.007510612822466529,0.0009796451507565038,0.001306193534342005,0.002285838685098509,0.0030477849134646785,0.00614999455752694,0.013878306302383804,0.00168716664852509,0.006258844018722108,0.011102645041907043,0.0031566343746598454,0.0014694677261347555,0.0017960161097202569,0.0019592903015130075,0.0214977685860455,0.03254598889735496,0.03689996734516164,0.0694459562425166,0.007728311744856863,0.003809731141830848,0.0037008816806356807,0.0036464569500380974,0.0034831827582453468,0.0008163709589637531,0.001197344073146838,0.001306193534342005,0.001088494611951671,0.0016327419179275062,0.00168716664852509,0.009088930009796452,0.009197779470991619,0.004190704256013933,0.0009796451507565038,0.001306193534342005,0.00614999455752694,0.0031022096440622617,0.004190704256013933,0.005823446173941439,0.003918580603026015,0.003319908566452596,0.00337433329705018,0.004898225753782519,0.00506149994557527,0.0040274300642211824,0.00800043539784478,0.002122564493305758,0.0008163709589637531,0.002340263415696092,0.0045172526395994336,0.021007946010667248,0.002285838685098509,0.004626102100794601,0.004353978447806684,0.006258844018722108,0.004190704256013933,0.007891585936649613,0.0040274300642211824,0.02694024164580385,0.0011429193425492544,0.0017415913791226734,0.0017415913791226734,0.0015783171873299227,0.00876238162621095,0.009088930009796452
3,0.02723714254648255,0.008209198651734261,0.0077742742198543,0.006197673154289442,0.002120256605414809,0.002011525497444819,0.0018484288354898336,0.00831792975970425,0.002500815483309775,0.003914319886919647,0.008154833097749265,0.005980210938349462,0.008426660867674242,0.008481026421659236,0.008209198651734261,0.008209198651734261,0.00500163096661955,0.011090573012939002,0.030988365771447212,0.0200065238664782,0.0014135044036098728,0.0027726432532347504,0.00038055887789496573,0.0011960421876698925,0.0008154833097749266,0.005599652060454496,0.010383820811134065,0.013971947374143742,0.006143307600304447,0.0016309666195498532,0.0018484288354898336,0.0019571599434598237,0.007502446449929325,0.024627595955202784,0.0033706643470696965,0.003588126563009677,0.006469500924214418,0.028378819180167447,0.026149831466782646,0.014080678482113734,0.03609872784603675,0.008046101989779276,0.010927476350984016,0.05186473850168533,0.0934000217462216,0.002392084375339785,0.0073937153419593345,0.0009785799717299119,0.0013047732956398825,0.0022289877133847996,0.003098836577144721,0.006252038708274437,0.014080678482113734,0.0017396977275198435,0.006143307600304447,0.011579862998803958,0.0031532021311297164,0.001522235511579863,0.0022289877133847996,0.002011525497444819,0.021909318255953027,0.031042731325432206,0.03506578232032184,0.06540176144394912,0.0073937153419593345,0.0037512232249646625,0.003642492116994672,0.003588126563009677,0.003479395455039687,0.0008698488637599218,0.0014678699575948679,0.0016309666195498532,0.0010873110796999022,0.0019571599434598237,0.0020658910514298142,0.009079047515494184,0.009133413069479178,0.004457975426769599,0.0009785799717299119,0.0013591388496248776,0.005980210938349462,0.0028813743612047405,0.0044036098727846034,0.006469500924214418,0.004240513210829618,0.003642492116994672,0.0036968576709796672,0.005055996520604545,0.005164727628574535,0.004186147656844623,0.009133413069479178,0.0021746221593998043,0.0013591388496248776,0.0022833532673697944,0.0046210720887245845,0.022507339349787974,0.0026639121452647603,0.0048928998586495595,0.004457975426769599,0.006469500924214418,0.004566706534739589,0.008481026421659236,0.004240513210829618,0.02930303359791236,0.0011960421876698925,0.0017940632815048386,0.0017396977275198435,0.0016309666195498532,0.008915950853539198,0.009079047515494184
4,0.026535706533535923,0.008194052528760582,0.00759713479487736,0.0061319730844367265,0.002116344692858693,0.0020078141957890166,0.0017907532016496635,0.008953766008248317,0.0025504666811373995,0.004178424137182548,0.008899500759713479,0.006566095072715433,0.009279357499457347,0.009333622747992185,0.008031256783156067,0.007976991534621228,0.005046668113739961,0.010690253961363144,0.03011721293683525,0.0196982852181463,0.001519426958975472,0.0027675276752767526,0.0004883872368135446,0.0012481007163012807,0.0008139787280225743,0.00602344258736705,0.01107011070110701,0.014163229867592794,0.0062947688300412415,0.0017364879531148252,0.00189928369871934,0.002062079444323855,0.007705665291947037,0.023713913609724333,0.003364445409159974,0.00379856739743868,0.006783156066854786,0.0273496852615585,0.025287605817234642,0.014054699370523118,0.035109615802040375,0.007814195789016714,0.010961580204037334,0.05046668113739961,0.09073149555024962,0.002441936184067723,0.007325808552203169,0.0010310397221619276,0.0013566312133709573,0.0022248751899283698,0.0030931191664857827,0.006186238332971565,0.013837638376383764,0.0017364879531148252,0.0061319730844367265,0.011667028434990232,0.003038853917950944,0.0015736922075103104,0.0024962014326025614,0.002116344692858693,0.021651834165400476,0.029737356197091384,0.033698719340134575,0.06273062730627306,0.007163012806598654,0.003744302148903842,0.0036357716518341655,0.003527241154764489,0.0034187106576948124,0.0008682439765574126,0.0016279574560451487,0.0017907532016496635,0.0010853049706967658,0.002116344692858693,0.0022248751899283698,0.008790970262643803,0.009008031256783157,0.0045582808769264165,0.0010310397221619276,0.0013566312133709573,0.005806381593227697,0.002876058172346429,0.0044497503798567395,0.006891686563924463,0.004341219882787063,0.003961363143043195,0.003961363143043195,0.005100933362274799,0.005263729107879314,0.004232689385717386,0.010256131973084436,0.0022791404384632083,0.0017364879531148252,0.0022791404384632083,0.00477534187106577,0.024256566095072714,0.0027675276752767526,0.005209463859344476,0.0045582808769264165,0.007000217060994139,0.005100933362274799,0.009170827002387671,0.004341219882787063,0.031636639895810725,0.0012481007163012807,0.0017907532016496635,0.0017907532016496635,0.0016279574560451487,0.009008031256783157,0.009333622747992185
5,0.025759862039232594,0.008083638715240354,0.007544729467557664,0.0059818926492778614,0.002047855141194223,0.001886182366889416,0.0017245095925846087,0.010023712006898038,0.0026406553136451823,0.004311273981461522,0.00986203923259323,0.00716749299417978,0.010185384781202846,0.010347057555507652,0.007975856865703816,0.007814184091399008,0.004904074153912481,0.010454839405044191,0.029316663073938348,0.020047424013796077,0.0015628368182798017,0.002802328087949989,0.0005928001724509592,0.0012394912696701876,0.0008622547962923044,0.0065208018969605515,0.01212545807286053,0.015197240784651865,0.00662858374649709,0.0016706186678163398,0.001886182366889416,0.002047855141194223,0.008245311489545161,0.023442552274197025,0.0032334554860961413,0.0037184738090105625,0.0065746928217288204,0.026298771286915282,0.024574261694330676,0.013903858590213408,0.03449019185169218,0.00770640224186247,0.010724294028885535,0.04909463246389308,0.08935115326579005,0.002371200689803837,0.007221383918948049,0.0010778184953653806,0.0013472731192067256,0.002317309765035568,0.0030717827117913345,0.006197456348350938,0.013688294891140332,0.0017245095925846087,0.0059818926492778614,0.01158654882517784,0.002802328087949989,0.0015628368182798017,0.002532873464108644,0.002155636990730761,0.020801896960551843,0.02872386290148739,0.03255011856003449,0.06078896313860746,0.007113602069411511,0.0037184738090105625,0.0036645828842422935,0.0036106919594740246,0.0034490191851692174,0.0008622547962923044,0.0016167277430480707,0.0018322914421211468,0.0011317094201336495,0.002155636990730761,0.002263418840267299,0.008622547962923045,0.00878422073722785,0.004472946755766329,0.0010239275705971114,0.0013472731192067256,0.005712438025436517,0.00274843716318172,0.004580728605302867,0.00716749299417978,0.004472946755766329,0.0042573830566932525,0.0042573830566932525,0.005173528777753826,0.0053890924768269025,0.004203492131924984,0.011317094201336494,0.002317309765035568,0.002047855141194223,0.002263418840267299,0.004904074153912481,0.025598189264927785,0.003017891787023065,0.005281310627290365,0.004472946755766329,0.006790256520801897,0.0053890924768269025,0.009754257383056693,0.004311273981461522,0.03319680965725372,0.0012394912696701876,0.0017245095925846087,0.0017245095925846087,0.0016167277430480707,0.009107566285837466,0.009215348135374004
6,0.025774860094705122,0.008071459319845029,0.00769479121825226,0.006026689625484288,0.0020447696943607404,0.0018833405079638399,0.0017219113215669393,0.010062419285406802,0.0026366767111493756,0.004412397761515282,0.010116229014205768,0.007425742574257425,0.010492897115798537,0.01060051657339647,0.007963839862247094,0.007910030133448128,0.004896685320705984,0.010385277658200603,0.028626775721050365,0.01985578992681877,0.0015604821351700388,0.0027442961687473093,0.0006457167455876022,0.0012914334911752045,0.0008609556607834697,0.00667240637107189,0.012107188979767543,0.015120533792509687,0.006510977184674989,0.0016681015927679725,0.0019371502367628067,0.0020447696943607404,0.008071459319845029,0.02324580284115368,0.0032285837279380112,0.0038743004735256135,0.00667240637107189,0.026043908738699956,0.024214377959535086,0.013775290572535515,0.03400774860094705,0.007640981489453293,0.010654326302195437,0.048374946190271204,0.0883017649591046,0.0023676280671545416,0.007210503659061558,0.0010223848471803702,0.0013452432199741713,0.002260008609556608,0.0030671545415411105,0.006188118811881188,0.013398622470942747,0.0017219113215669393,0.005972879896685321,0.011300043047783039,0.002851915626345243,0.0015604821351700388,0.0027442961687473093,0.002206198880757641,0.02087817477399914,0.028196297890658632,0.031855359448988374,0.06021308652604391,0.006995264743865691,0.003659061558329746,0.003659061558329746,0.0035514421007318124,0.0034438226431338786,0.0008609556607834697,0.0017757210503659062,0.0018833405079638399,0.001076194575979337,0.002260008609556608,0.002421437795953508,0.008501937150236763,0.008770985794231597,0.004466207490314249,0.0010223848471803702,0.0013452432199741713,0.006080499354283254,0.0027442961687473093,0.0046814464055101165,0.0072643133878605255,0.004466207490314249,0.004412397761515282,0.004358588032716315,0.005327163151097719,0.005434782608695652,0.004250968575118382,0.011569091691777873,0.0023138183383555745,0.002098579423159707,0.002260008609556608,0.004896685320705984,0.026259147653895823,0.003013344812742144,0.005380972879896685,0.004573826947912182,0.007102884201463625,0.005703831252690486,0.010062419285406802,0.004466207490314249,0.034438226431338786,0.0012914334911752045,0.0017757210503659062,0.0017757210503659062,0.0016142918639690056,0.009147653895824365,0.009309083082221266
7,0.025424639862395185,0.008116534078692754,0.007686519028165986,0.006020210707374758,0.0019888196086863042,0.001881315846054612,0.0016663083207912276,0.00994409804343152,0.0026338421844764566,0.004730165555794453,0.010159105568694904,0.007686519028165986,0.01048161685658998,0.010642872500537519,0.007955278434745217,0.007955278434745217,0.004891421199741991,0.010320361212642442,0.028703504622661795,0.019565684798967965,0.0015588045581595355,0.002741345947108149,0.0006450225757901526,0.0013975489142119973,0.0009137819823693829,0.006826488927112449,0.011825413889486132,0.014889271124489357,0.006611481401849065,0.0017738120834229199,0.0019888196086863042,0.002096323371317996,0.007955278434745217,0.022844549559234574,0.0033863685228983013,0.004407654267899377,0.0070952483336916795,0.025800903031606107,0.024080842829499034,0.014136744786067513,0.033809933347667166,0.00763276714685014,0.010642872500537519,0.048269189421629756,0.08697054396903892,0.0023650827778972264,0.007256503977639217,0.001021285745001075,0.0013437970328961514,0.0022575790152655345,0.003117609116319071,0.006181466351322296,0.013276714685013976,0.0017200602021070737,0.005912706944743066,0.011180391313695979,0.0028488497097398408,0.0016125564394753817,0.003063857235003225,0.00231133089658138,0.021715760051601807,0.02805848204687164,0.03165985809503333,0.0598795957858525,0.006933992689744141,0.003762631692109224,0.0037088798107933777,0.0036013760481616855,0.0034401204042141475,0.0008600301010535369,0.0019350677273704579,0.0021500752526338422,0.0011287895076327673,0.0025800903031606105,0.0026875940657923028,0.008492797247903677,0.008654052891851215,0.004730165555794453,0.0010750376263169211,0.0014513007955278435,0.006020210707374758,0.0028488497097398408,0.00462266179316276,0.0070952483336916795,0.004407654267899377,0.0043001505052676844,0.004246398623951838,0.005321436250268759,0.005482691894216298,0.004246398623951838,0.011502902601591055,0.00231133089658138,0.002096323371317996,0.0022575790152655345,0.004945173081057837,0.026123414319501184,0.002956353472371533,0.005428940012900452,0.004568909911846914,0.0070952483336916795,0.005805203182111374,0.01021285745001075,0.004353902386583531,0.03434745216082563,0.0012362932702644593,0.0017200602021070737,0.0017200602021070737,0.0015588045581595355,0.009084067942377982,0.009352827348957213
8,0.028994051128141917,0.00911088482769709,0.009486038908837558,0.006216839058899191,0.0011254622434214052,0.0010718688032584811,0.001018275363095557,0.009593225789163407,0.002679672008146203,0.004769816174500241,0.010021973310466798,0.007503081622809368,0.010236347071118495,0.010129160190792647,0.009700412669489254,0.009539632349000482,0.0053057505761294815,0.008896511067045393,0.03038748057237794,0.020419100702074065,0.0016078032048877217,0.002894045768797899,0.0004287475213033925,0.0013934294442360254,0.000911088482769709,0.0067527734605284315,0.012219304357146686,0.015649284527573824,0.006967147221180128,0.001875770405702342,0.0021437376065169622,0.0022509244868428105,0.008467763545742002,0.023688300552012435,0.00342998017042714,0.003965914572056381,0.006913553781017203,0.026475159440484484,0.02481376279543384,0.014095074762849028,0.032156064097754435,0.007503081622809368,0.009218071708022938,0.04844846990728335,0.08183718312878503,0.0024117048073315824,0.007342301302320596,0.0010718688032584811,0.0014470228843989495,0.0024117048073315824,0.0032156064097754434,0.005520124336781178,0.014202261643174875,0.001018275363095557,0.00541293745645533,0.011790556835843293,0.002572485127820355,0.0017685835253764938,0.002894045768797899,0.0023581113671686587,0.022026903906961787,0.028994051128141917,0.033067152580524145,0.06082855458491881,0.007449488182646444,0.003912321131893456,0.003751540811404684,0.0038587276917305324,0.003590760490915912,0.000911088482769709,0.001875770405702342,0.002090144166354038,0.0011790556835843294,0.0024117048073315824,0.002626078567983279,0.007931829144112761,0.008039016024438609,0.004823409614663165,0.001018275363095557,0.0013934294442360254,0.005788091537595798,0.002840452328634975,0.00541293745645533,0.007181520981831824,0.0042874752130339245,0.003751540811404684,0.003751540811404684,0.006056058738410418,0.0065919931400396595,0.004555442413848545,0.01055790771209604,0.0024117048073315824,0.002036550726191114,0.0024117048073315824,0.004984189935151938,0.02599281847901817,0.002733265448309127,0.005252157135966558,0.004662629294174393,0.007235114421994748,0.006270432499062115,0.01082587491291066,0.0038051342515676083,0.031620129696125196,0.0008039016024438608,0.0009646819229326331,0.0009646819229326331,0.000911088482769709,0.008039016024438609,0.0077710488236239885
9,0.03160610621371748,0.009729090518168136,0.010266609331326596,0.006611481401849065,0.0010750376263169211,0.0009675338636852289,0.0009675338636852289,0.009137819823693829,0.0026875940657923028,0.004407654267899377,0.009621586755536444,0.006987744571059987,0.009782842399483982,0.00967533863685229,0.010589120619221673,0.01048161685658998,0.005751451300795528,0.008654052891851215,0.03122984304450656,0.020640722425284884,0.0015050526768436896,0.0028488497097398408,0.0003225112878950763,0.0012900451515803052,0.0008062782197376908,0.006557729520533219,0.01198666953343367,0.015910556869490434,0.006933992689744141,0.0018275639647387658,0.002096323371317996,0.0022038271339496884,0.008600301010535369,0.02424209847344657,0.0032788647602666095,0.0037088798107933777,0.00666523328316491,0.027198451945818103,0.025424639862395185,0.014190496667383359,0.03187486562029671,0.0074177596215867555,0.0088690604171146,0.04945173081057837,0.08025155880455816,0.0023650827778972264,0.007256503977639217,0.0010750376263169211,0.0013975489142119973,0.0023650827778972264,0.0032251128789507633,0.0056976994194796815,0.015319286175016126,0.0009675338636852289,0.005482691894216298,0.012792947753171361,0.0025800903031606105,0.0017200602021070737,0.0026338421844764566,0.0022038271339496884,0.022092023220812728,0.030047301655557943,0.03391743711029886,0.06106213717480112,0.007471511502902602,0.004031391098688454,0.003762631692109224,0.00381638357342507,0.0036013760481616855,0.0009137819823693829,0.0017738120834229199,0.0019350677273704579,0.0011825413889486132,0.00231133089658138,0.0024725865405289186,0.007686519028165986,0.007847774672113525,0.004676413674478607,0.0009675338636852289,0.0013437970328961514,0.0056976994194796815,0.002741345947108149,0.005482691894216298,0.007202752096323371,0.004515158030531069,0.003332616641582455,0.0032788647602666095,0.00612771447000645,0.006826488927112449,0.004837669318426145,0.009352827348957213,0.0024725865405289186,0.0016663083207912276,0.0024725865405289186,0.004783917437110299,0.02467211352397334,0.002526338421844765,0.005160180606321221,0.004783917437110299,0.00763276714685014,0.005912706944743066,0.01021285745001075,0.003762631692109224,0.02972479036766287,0.0006987744571059987,0.0008600301010535369,0.0008600301010535369,0.0008600301010535369,0.007847774672113525,0.007364007740270909
10,0.029427645788336933,0.00939524838012959,0.009773218142548596,0.0062634989200863935,0.0011339092872570194,0.0010259179265658747,0.0010259179265658747,0.008639308855291577,0.002537796976241901,0.004319654427645789,0.009071274298056155,0.0064794816414686825,0.009233261339092873,0.008963282937365011,0.00988120950323974,0.009935205183585313,0.005237580993520518,0.008855291576673866,0.03185745140388769,0.021166306695464362,0.0014578833693304535,0.0028617710583153347,0.00021598272138228941,0.001241900647948164,0.0008099352051835853,0.0064794816414686825,0.011555075593952484,0.015766738660907127,0.007019438444924406,0.00183585313174946,0.0021058315334773216,0.0022138228941684665,0.00869330453563715,0.025053995680345574,0.0032937365010799135,0.0036177105831533478,0.006533477321814255,0.02802375809935205,0.026241900647948162,0.014362850971922246,0.03299136069114471,0.00782937365010799,0.009233261339092873,0.05064794816414687,0.0845572354211663,0.0022678185745140388,0.00734341252699784,0.0010259179265658747,0.0014038876889848812,0.002429805615550756,0.0032937365010799135,0.005453563714902808,0.014254859611231102,0.0010259179265658747,0.0055075593952483804,0.0117170626349892,0.0028077753779697625,0.0017278617710583153,0.002591792656587473,0.0022138228941684665,0.022138228941684664,0.030831533477321815,0.03493520518358531,0.06301295896328293,0.007613390928725702,0.0038876889848812094,0.003833693304535637,0.0038876889848812094,0.0037257019438444922,0.00091792656587473,0.0017278617710583153,0.0018898488120950325,0.0011339092872570194,0.0022678185745140388,0.002429805615550756,0.008153347732181425,0.008315334773218143,0.00458963282937365,0.0009719222462203023,0.0013498920086393088,0.005939524838012959,0.0029697624190064796,0.005183585313174946,0.0064794816414686825,0.004211663066954643,0.0034017278617710584,0.003347732181425486,0.005831533477321814,0.006371490280777538,0.004481641468682506,0.009233261339092873,0.0022678185745140388,0.0017278617710583153,0.002429805615550756,0.004697624190064795,0.02311015118790497,0.0023758099352051837,0.004805615550755939,0.0045356371490280776,0.007019438444924406,0.005669546436285098,0.009935205183585313,0.003941684665226782,0.0291036717062635,0.000755939524838013,0.0009719222462203023,0.0009719222462203023,0.0009719222462203023,0.008099352051835854,0.007613390928725702
11,0.028453294162450356,0.008922256678091508,0.00908546869049562,0.0063108644796257005,0.0015233121157717207,0.0014145041075023122,0.0013601001033676078,0.00783417659539742,0.0025025841901963985,0.004189108318372232,0.008269408628475056,0.006147652467221588,0.008378216636744464,0.00832381263260976,0.00919427669876503,0.009248680702899734,0.005222784396931615,0.009357488711169142,0.03188074642293673,0.020727925575322343,0.0014145041075023122,0.0028290082150046244,0.00016321201240411296,0.0013056960992329036,0.0007616560578858604,0.006147652467221588,0.01033676078559382,0.014634677112235461,0.0068005005168380395,0.0018497361405799466,0.0021761601653881727,0.002284968173657581,0.008650236657417987,0.02508024590609869,0.003590664272890485,0.00391708829769871,0.007018116533376856,0.028181274141776836,0.026059517980523368,0.014961101137043686,0.03503617866274958,0.00832381263260976,0.00995593275665089,0.05152059191556498,0.08797127468581688,0.002448180186061694,0.0075621565747239,0.001033676078559382,0.0014145041075023122,0.0023393721777922854,0.003264240248082259,0.005712420434143953,0.014471465099831347,0.0013056960992329036,0.006038844458952179,0.012023284913769654,0.0031554322398128502,0.001740928132310538,0.0026113921984658073,0.002230564169522877,0.023230509765518742,0.030955878352646755,0.03465535063380665,0.06278222077144878,0.007725368587128013,0.003971492301833415,0.0037538762852945976,0.00391708829769871,0.0036450682770251893,0.0009248680702899733,0.0017953321364452424,0.001904140144714651,0.0011968880909634949,0.0023393721777922854,0.0025025841901963985,0.008922256678091508,0.00908546869049562,0.005059572384527501,0.0009792720744246776,0.0014145041075023122,0.0062564604754909965,0.002937816223274033,0.0047875523638539795,0.006202056471356292,0.004025896305968119,0.0034274522604863717,0.003481856264621076,0.005494804417605136,0.005875632446548066,0.004352320330776345,0.008976660682226212,0.002230564169522877,0.0016865241281758337,0.0023393721777922854,0.004569936347315162,0.020619117567052935,0.002448180186061694,0.004515532343180458,0.004569936347315162,0.0063652684837604044,0.005059572384527501,0.009139872694630324,0.004134704314237528,0.027909254121103313,0.0009248680702899733,0.0012512920950981993,0.0011968880909634949,0.0011968880909634949,0.008378216636744464,0.008215004624340352
12,0.028172089975977286,0.008844725922690543,0.0088993229962874,0.006278663463638349,0.0016925092815025114,0.0015287180607119458,0.0014741209871150906,0.007370604935575453,0.002347674164664774,0.003930989298973575,0.0078073815243502945,0.005623498580476087,0.008025769818737715,0.007916575671544005,0.0088993229962874,0.00900851714348111,0.005186721991701245,0.009827473247433938,0.03292203537890369,0.020692290893208124,0.001310329766324525,0.0027298536798427606,5.4597073596855206e-05,0.0012557326927276698,0.0007097619567591177,0.005732692727669797,0.009663682026643371,0.01424983620877921,0.0063332605372352045,0.0016925092815025114,0.0020200917230836428,0.002074688796680498,0.00797117274514086,0.0257152216641188,0.003439615636601878,0.0038217951517798645,0.006824634199606901,0.029318628521511247,0.027080148504040183,0.014905001091941471,0.035706486132343306,0.008517143481109412,0.010264249836208779,0.05230399650578729,0.09101332168595763,0.0024022712382616293,0.007534396156366019,0.0009281502511465386,0.0013649268399213803,0.0021838829438742082,0.0031666302686176023,0.005732692727669797,0.01424983620877921,0.0014195239135182355,0.006224066390041493,0.011792967896920725,0.0032758244158113126,0.0015833151343088011,0.0024568683118584844,0.002074688796680498,0.023531338720244595,0.03199388512775715,0.035979471500327584,0.06524350294824198,0.007752784450753439,0.0038763922253767197,0.003712601004586154,0.0038763922253767197,0.003603406857392444,0.0008189561039528281,0.0016379122079056563,0.0017471063550993666,0.0010919414719371041,0.0021838829438742082,0.002347674164664774,0.00922690543786853,0.009281502511465386,0.004913736623716969,0.0009827473247433938,0.0013649268399213803,0.006278663463638349,0.0030574361214238915,0.004476960034942127,0.005951081022057218,0.0038217951517798645,0.003385018563005023,0.003439615636601878,0.005295916138894955,0.0055689015068792315,0.004258571740554706,0.008462546407512558,0.002074688796680498,0.0014741209871150906,0.0021838829438742082,0.004476960034942127,0.019764140642061584,0.0024022712382616293,0.004313168814151561,0.004476960034942127,0.0058964839484603624,0.004749945402926403,0.008735531775496833,0.004149377593360996,0.026752566062459054,0.0009827473247433938,0.0013649268399213803,0.001310329766324525,0.0012557326927276698,0.008517143481109412,0.008407949333915702
13,0.028454396504642272,0.008956854178044784,0.008847624249044238,0.00638995084653195,0.0017476788640087384,0.0016384489350081922,0.001529219006007646,0.007045330420535226,0.0023484434735117424,0.003604587657018023,0.007263790278536319,0.005079191698525396,0.0075368651010376845,0.007427635172037138,0.008902239213544511,0.009175314036045877,0.005133806663025669,0.010158383397050792,0.032932823593664666,0.021463681048607318,0.0013107591480065537,0.002730748225013654,0.00010922992900054615,0.0010922992900054614,0.0006553795740032769,0.005461496450027308,0.00939377389404697,0.014472965592572365,0.006280720917531403,0.0016930638995084654,0.0019661387220098305,0.002075368651010377,0.008028399781540142,0.026870562534134352,0.0033315128345166576,0.003003823047515019,0.006116876024030584,0.030857454942654287,0.028563626433642818,0.014527580557072638,0.03637356635718187,0.008683779355543418,0.01048607318405243,0.05341343528126707,0.0929000546149645,0.0023484434735117424,0.007373020207536865,0.0009830693610049152,0.0013107591480065537,0.002184598580010923,0.003058438012015292,0.005898416166029492,0.014309120699071545,0.001474604041507373,0.006499180775532496,0.011469142545057346,0.0031130529765155653,0.0015838339705079192,0.0019115237575095577,0.0020207536865101037,0.022719825232113598,0.03315128345166576,0.037247405789186235,0.06646641179683233,0.007700709994538504,0.003877662479519388,0.003713817586018569,0.0037684325505188423,0.003659202621518296,0.0008192244675040961,0.0012561441835062808,0.0014199890770070999,0.0010922992900054614,0.0017476788640087384,0.0018569087930092845,0.009448388858547242,0.009503003823047515,0.004423812124522119,0.0009830693610049152,0.0013107591480065537,0.006171490988530858,0.0031676679410158385,0.004369197160021846,0.005789186237028946,0.0038230475150191155,0.0033315128345166576,0.003386127799016931,0.005188421627525942,0.005406881485527034,0.004150737302020754,0.008083014746040415,0.0019661387220098305,0.0012561441835062808,0.002184598580010923,0.004314582195521573,0.018842162752594212,0.0024576734025122883,0.0042053522665210265,0.004369197160021846,0.00551611141452758,0.004369197160021846,0.008301474604041507,0.003932277444019661,0.025505188421627526,0.0009830693610049152,0.0014199890770070999,0.0014199890770070999,0.0013107591480065537,0.008465319497542327,0.008574549426542873
14,0.028326601899355965,0.00895098788341884,0.008678091911363388,0.006549503329330859,0.0020194301932103483,0.0019102718043881672,0.0017465342211548957,0.00665866171815304,0.002346905359676891,0.00332933085907652,0.0068223993013863116,0.00447549394170942,0.007040716079030673,0.007149874467852854,0.008732671105774479,0.00895098788341884,0.005239602663464687,0.010752101298984826,0.03291125422988757,0.021777098570025105,0.0013099006658661718,0.0027289597205545245,0.0,0.000982425499399629,0.0006549503329330859,0.005185023469053597,0.009114725466652112,0.01440890732452789,0.0061674489684532255,0.0016373758323327148,0.0019102718043881672,0.001964850998799258,0.0075865080231415786,0.02761707237201179,0.0032747516646654297,0.0024560637484990723,0.005730815413164502,0.0316013535640214,0.02903613142670014,0.014136011352472437,0.03705927300513044,0.008732671105774479,0.010970418076629188,0.0539788232725685,0.09360331841502019,0.002401484554087982,0.007149874467852854,0.000982425499399629,0.0013644798602772622,0.002128588582032529,0.003001855692609977,0.006003711385219954,0.01451806571335007,0.0016373758323327148,0.006767820106975221,0.012007422770439908,0.003438489247898701,0.0015282174435105338,0.0015282174435105338,0.001964850998799258,0.021722519375614015,0.03405741731252047,0.03836917367099662,0.0682785722082742,0.007531928828730488,0.003765964414365244,0.003656806025543063,0.0036022268311319723,0.0034930684423097914,0.0008186879161663574,0.0010370046938107194,0.0011461630826329003,0.0010915838882218098,0.0014190590546883529,0.0014736382490994433,0.009660517410763018,0.009660517410763018,0.003984281192009606,0.0009278463049885384,0.0013644798602772622,0.006385765746097587,0.00332933085907652,0.004093439580831787,0.0056762362187534115,0.0037113852199541536,0.0032201724702543393,0.0032747516646654297,0.005021285885820325,0.005185023469053597,0.004202597969653968,0.007531928828730488,0.001964850998799258,0.0010370046938107194,0.002128588582032529,0.004202597969653968,0.018229450933304223,0.0021831677764436196,0.00442091474729833,0.00442091474729833,0.005730815413164502,0.004202597969653968,0.008023141578430303,0.003984281192009606,0.024833533457046173,0.0010915838882218098,0.0016373758323327148,0.0015827966379216242,0.0015282174435105338,0.008678091911363388,0.008787250300185569
15,0.028216766008640017,0.008858752118991634,0.008475966533603106,0.006507354951604965,0.0021326625471646526,0.0020232952370536446,0.001859244271887133,0.006507354951604965,0.002351397167386668,0.003007601028052715,0.006343303986438453,0.004046590474107289,0.006671405916771477,0.006507354951604965,0.008585333843714113,0.008858752118991634,0.005304314540383879,0.010882047356045279,0.03259145841308033,0.022146880297479084,0.001312407721332094,0.0028435500628862034,5.468365505550391e-05,0.0009296221359435665,0.000656203860666047,0.0049215289549953516,0.009186854049324657,0.01427243396948652,0.0059605184010499265,0.0016405096516651173,0.001859244271887133,0.001968611581998141,0.007382293432493028,0.028052715043473505,0.0031716519932192266,0.0016405096516651173,0.00503089626510636,0.03209930551758079,0.029583857385027616,0.012905342593098923,0.037950456608519714,0.008913435774047138,0.011374200251544814,0.05441023678022639,0.09487614152129928,0.002351397167386668,0.007108875157215509,0.0009843057909990705,0.001312407721332094,0.00224202985727566,0.002952917372997211,0.0059605184010499265,0.014600535899819543,0.0016951933067206211,0.007054191502160004,0.012085087767266365,0.0033903866134412423,0.0014764586864986055,0.0010936731011100783,0.0019139279269426367,0.019795483130092415,0.03510690654563351,0.03942691529501832,0.07163558812271012,0.00754634439765954,0.003718488543774266,0.003663804888718762,0.003663804888718762,0.0035544375786077543,0.0008202548258325587,0.0007655711707770548,0.0008202548258325587,0.0010936731011100783,0.0009843057909990705,0.0010389894460545743,0.009733690599879696,0.0097883742549352,0.0033903866134412423,0.0009296221359435665,0.00125772406627659,0.00628862033138295,0.0034997539235522503,0.004046590474107289,0.005577732815661399,0.003718488543774266,0.0032263356482747307,0.0033357029583857387,0.004976212610050856,0.005085579920161864,0.004155957784218297,0.007382293432493028,0.001968611581998141,0.0007655711707770548,0.002296713512331164,0.004210641439273801,0.018264340788538305,0.002351397167386668,0.004265325094329305,0.004320008749384809,0.0058511510909389185,0.004155957784218297,0.007929129983048067,0.004046590474107289,0.024443593809810246,0.0010936731011100783,0.0017498769617761251,0.0016951933067206211,0.0015858259966096133,0.008858752118991634,0.009022803084158145
16,0.027858354769853867,0.009030704394942806,0.008538120518855016,0.006622516556291391,0.002189261671501286,0.002079798587926222,0.0019156039625636255,0.006567785014503859,0.002462919380438947,0.002517650922226479,0.005856274971265941,0.003612281757977122,0.006294127305566197,0.005965738054841005,0.00864758360243008,0.009030704394942806,0.005254228011603087,0.011055771441081495,0.032455804280006564,0.022549395216463246,0.0013682885446883038,0.0030102347983142685,0.00032838925072519294,0.000711510043237918,0.0005473154178753215,0.004652181051940233,0.009249630562092935,0.014449127031908489,0.006239395763778665,0.0016419462536259647,0.0019156039625636255,0.00202506704613869,0.007881342017404631,0.028405670187729187,0.0030649663401018006,0.0006567785014503859,0.004104865634064912,0.032236878112856436,0.029828690274205025,0.01220513381861967,0.039351978545235616,0.009194899020305403,0.011603086858956817,0.054676810245744625,0.09457610420885557,0.0023534562968638827,0.007334026599529309,0.001039899293963111,0.001423020086475836,0.002517650922226479,0.0033386240490394614,0.006020469596628537,0.014668053199058617,0.001751409337201029,0.007224563515954244,0.011767281484319414,0.0033386240490394614,0.0015324831700509003,0.0003831207925127251,0.001806140878988561,0.01620053636910952,0.03448087132614526,0.039351978545235616,0.07317607136993048,0.007936073559192163,0.003885939466914783,0.003885939466914783,0.003995402550489848,0.003885939466914783,0.0008757046686005145,0.00032838925072519294,0.0003831207925127251,0.0011493623775381753,0.00043785233430025726,0.00043785233430025726,0.009796945979968255,0.009961140605330852,0.0027365770893766077,0.0008757046686005145,0.001039899293963111,0.00634885884735373,0.0036670132997646543,0.004269060259427508,0.005856274971265941,0.003885939466914783,0.0034480871326145256,0.003502818674402058,0.00509003338624049,0.005254228011603087,0.004214328717639976,0.00760768430846697,0.00202506704613869,0.0006567785014503859,0.002408187838651415,0.004487986426577636,0.01904657654206119,0.0026818455475890756,0.004433254884790104,0.004269060259427508,0.0055826172623282795,0.004214328717639976,0.008045536642767227,0.003885939466914783,0.024683925346177003,0.0011493623775381753,0.001806140878988561,0.001751409337201029,0.0015872147118384326,0.009085435936730338,0.009304362103880467
17,0.026509975403115605,0.008964197868270019,0.00852691992347636,0.006559169171904892,0.002295709210166712,0.00213172998086909,0.0019677507515714677,0.006941787373599344,0.0024596884394643345,0.0024596884394643345,0.0063405301995080625,0.003662202787646898,0.006777808144301721,0.006723148401202515,0.008636239409674774,0.008964197868270019,0.005247335337523914,0.01087728887674228,0.03175731074063952,0.02257447389997267,0.001366493577480186,0.0031156053566548238,0.00038261820169445204,0.0006559169171904892,0.0005465974309920743,0.004810057392730254,0.0095654550423613,0.014594151407488385,0.0062312107133096475,0.001639792292976223,0.0019130910084722602,0.0019677507515714677,0.007707023776988248,0.028204427439191035,0.0030609456135556163,0.0004919376878928669,0.003935501503142935,0.03175731074063952,0.02946160153047281,0.011970483738726428,0.039464334517627764,0.00934681606996447,0.011751844766329598,0.05356654823722329,0.09379611915823996,0.002295709210166712,0.007433725061492211,0.0010385351188849413,0.001366493577480186,0.002514348182563542,0.0033889040721508607,0.0062312107133096475,0.014320852691992347,0.0018037715222738453,0.007433725061492211,0.011587865537031975,0.0033342443290516536,0.0015304728067778081,0.00021863897239682973,0.0018584312653730528,0.015304728067778082,0.03350642251981416,0.03831647991254441,0.0727521180650451,0.008198961464881116,0.003880841760043728,0.003935501503142935,0.00404482098934135,0.00404482098934135,0.0008745558895873189,0.00021863897239682973,0.00021863897239682973,0.001147854605083356,0.0003279584585952446,0.0003279584585952446,0.01000273298715496,0.010057392730254168,0.0026783274118611644,0.0008745558895873189,0.0010385351188849413,0.00639518994260727,0.0038261820169445205,0.004318119704837387,0.006012571740912818,0.003990161246242143,0.0037168625307461055,0.003771522273845313,0.005138015851325499,0.005301995080623121,0.004208800218638973,0.008253621207980323,0.0020770702377698826,0.0008198961464881115,0.002514348182563542,0.004536758677234217,0.019677507515714676,0.002896966384257994,0.004536758677234217,0.00426345996173818,0.005520634053019951,0.004427439191035802,0.00830828095107953,0.003990161246242143,0.025854058485925115,0.0012025143481825635,0.0018584312653730528,0.0019130910084722602,0.0016944520360754303,0.009401475813063678,0.00978409401475813
18,0.02609597641535186,0.008735054867063384,0.008243708030791068,0.006442102964459246,0.0022929519026041382,0.0021291696238466998,0.0019107932521701151,0.007424796637003876,0.0024021400884424306,0.002565922367199869,0.006824261614893268,0.003985368783097669,0.0073156084511655835,0.007206420265327291,0.008298302123710214,0.008571272588305945,0.005131844734399738,0.010700442212152645,0.03139160342850904,0.022219795818092483,0.0013648523229786538,0.0031118632963913306,0.00043675274335316916,0.0007097232079489,0.0005459409291914615,0.004913468362723153,0.010045313097122891,0.014849593274007752,0.006169132499863515,0.0016378227875743845,0.0019107932521701151,0.0020199814380084074,0.007752361194518753,0.027570016924168803,0.0030572692034721845,0.0005459409291914615,0.004039962876016815,0.03100944477807501,0.028825681061309165,0.011846918163454715,0.03898018234427035,0.009280995796254845,0.011846918163454715,0.052847081945733475,0.09177267019708467,0.0022929519026041382,0.00737020254408473,0.0010372877654637768,0.0013648523229786538,0.002511328274280723,0.003439427853906207,0.006005350221106077,0.014194464158977998,0.0018016050663318228,0.007533984822842168,0.011846918163454715,0.0033302396680679153,0.0015286346017360922,0.0003275645575148769,0.0019107932521701151,0.015395534203199213,0.03302942621608342,0.03756073592837255,0.0716820440028389,0.00807992575203363,0.0038215865043402302,0.0038761805972593764,0.004094556968935961,0.004039962876016815,0.0008735054867063383,0.00027297046459573074,0.00027297046459573074,0.001091881858382923,0.0003275645575148769,0.00038215865043402306,0.0099361249112846,0.009990719004203745,0.0027297046459573075,0.0008735054867063383,0.0009826936725446306,0.0063329147786209536,0.0038215865043402302,0.004312933340612546,0.006223726592782661,0.003985368783097669,0.003930774690178523,0.003985368783097669,0.005186438827318884,0.0052956270131571765,0.004203745154774253,0.008953431238739968,0.0020745755309275536,0.0010372877654637768,0.002511328274280723,0.004695091991046569,0.021073319866790414,0.0030572692034721845,0.004695091991046569,0.004367527433531692,0.005896162035267784,0.004858874269804007,0.008844243052901676,0.004094556968935961,0.02773379920292624,0.0012010700442212153,0.0019107932521701151,0.001856199159250969,0.0016924168804935307,0.009608560353769722,0.00977234263252716
19,0.02572804904751478,0.008484782132691044,0.007882636303919423,0.0062951609371578714,0.0022991022553098314,0.0021348806656448435,0.0019159185460915261,0.00799211736369608,0.00240858331508649,0.0028465075541931244,0.007499452594701117,0.004543463980731333,0.00799211736369608,0.00804685789358441,0.007937376833807751,0.008265820013137727,0.005090869279614627,0.01051018173855923,0.030709437267352747,0.022005693015108387,0.0014232537770965622,0.003065469673746442,0.0004926647689949639,0.0007663674184366105,0.0005474052988832932,0.005255090869279615,0.0104554412086709,0.015108386249178892,0.006349901467046201,0.0016422158966498796,0.0019159185460915261,0.002080140135756514,0.00804685789358441,0.027206043354499672,0.0030107291438581127,0.0009853295379899278,0.004269761331289687,0.03054521567768776,0.028246113422377928,0.012152397635209108,0.03820888986205386,0.009086927961462666,0.011714473396102475,0.051894022334136196,0.08999343113641341,0.0022443617254215022,0.007171009415371141,0.001040070067878257,0.001368513247208233,0.0025180643748631487,0.003393912853076418,0.006021458287716225,0.01373987300197066,0.0018611780162031968,0.007389971534924458,0.011823954455879132,0.003393912853076418,0.001532734836873221,0.0006568863586599519,0.0019159185460915261,0.01614845631705715,0.03207795051456098,0.03656667396540399,0.0690825487190716,0.007773155244142764,0.003777096562294723,0.0038318370921830523,0.003941318151959711,0.003886577622071382,0.0008758484782132691,0.0004926647689949639,0.0004926647689949639,0.0011495511276549157,0.0006568863586599519,0.0006568863586599519,0.009798554850010948,0.009962776439675936,0.002901248084081454,0.0009305890081015984,0.001040070067878257,0.006349901467046201,0.003941318151959711,0.0042150208014013575,0.006404641996934531,0.003941318151959711,0.004160280271513028,0.0042150208014013575,0.005200350339391285,0.005255090869279615,0.004160280271513028,0.00963433326034596,0.002025399605868185,0.0013137727173199037,0.00240858331508649,0.0047624261002846505,0.02189621195533173,0.0030107291438581127,0.00481716663017298,0.0044887234508430044,0.006021458287716225,0.005145609809502956,0.009141668491350997,0.004269761331289687,0.029395664550032844,0.0012590321874315744,0.0019159185460915261,0.0019159185460915261,0.0017516969564265383,0.00974381432012262,0.010072257499452595
20,0.025195387221948952,0.00852598786686342,0.007924796414712795,0.006339837131770235,0.002295458271847844,0.0021861507350931847,0.0019128818932065367,0.008198065256599442,0.002404765808602503,0.0030606110291304584,0.007924796414712795,0.005028146690714325,0.008471334098486091,0.00858064163524075,0.007979450183090124,0.008198065256599442,0.005028146690714325,0.010548177296824616,0.030660764059681916,0.02126031589878122,0.0013663442094332405,0.002951303492375799,0.00043723014701863694,0.0009291140624146035,0.0006011914521506258,0.005520030606110292,0.010657484833579275,0.014701863693501667,0.006285183363392906,0.0015849592829425589,0.001858228124829207,0.0019128818932065367,0.007760835109580806,0.026343116357872877,0.0030606110291304584,0.0016942668196972181,0.004809531617205006,0.02967699622888998,0.027381537957042137,0.01267967426354047,0.0372738700333388,0.008853910477127398,0.011750560201125868,0.051702464884953815,0.0893042575285566,0.0021861507350931847,0.00721429742580751,0.000983767830791933,0.0013116904410559109,0.002404765808602503,0.0033338798710171066,0.006066568289883587,0.013718095862709733,0.001858228124829207,0.007268951194184839,0.012133136579767174,0.0033885336393944363,0.0015303055145652292,0.001147729135923922,0.001967535661583866,0.01743455211236815,0.0313712630485872,0.03552494944526425,0.06777067278788873,0.007815488877958136,0.0037711100180357437,0.0037711100180357437,0.003989725091545062,0.0038257637864130734,0.0008198065256599442,0.0007651527572826146,0.0008744602940372739,0.0010384215991692627,0.0010384215991692627,0.0010930753675465923,0.009728370771164672,0.009837678307919331,0.003279226102639777,0.0008744602940372739,0.0012023829043012516,0.006503798436902224,0.0038257637864130734,0.00426299393343171,0.006449144668524895,0.003935071323167732,0.00420834016505438,0.00426299393343171,0.005192107995846314,0.0052467617642236435,0.004153686396677051,0.01005629338142865,0.0020768431983385254,0.0015303055145652292,0.0023501120402251736,0.004700224080450347,0.02186150735093185,0.003115264797507788,0.005082800459091655,0.004590916543695688,0.006230529595015576,0.0052467617642236435,0.009291140624146035,0.00426299393343171,0.02995026507077663,0.0012570366726785812,0.0019128818932065367,0.0019128818932065367,0.0016942668196972181,0.009619063234410013,0.01005629338142865
21,0.02595980064625664,0.008434196834437812,0.007941289227230407,0.0064077988936962595,0.0022454679883892876,0.00213593296456542,0.0019168629169176844,0.00783175420340654,0.002464538036037023,0.0034503532504518318,0.007886521715318473,0.005312448655457582,0.008215126786790075,0.008488964346349746,0.008160359274878142,0.00826989429870201,0.005148146119721781,0.01040582726326743,0.030834109206418752,0.02081165452653486,0.001369187797798346,0.0029574456432444273,0.0003833725833835369,0.001040582726326743,0.0006024426310312723,0.005476751191193384,0.010077222191795826,0.014239553097102798,0.006188728846048524,0.0016430253573580151,0.0019168629169176844,0.0019716304288296183,0.00755791664384687,0.025740730598608905,0.0032860507147160303,0.002409770524125089,0.005641053726929185,0.029136316337148804,0.027000383372583384,0.013582342954159592,0.03740621063585081,0.00898187195355715,0.01155594501341804,0.05131715866148201,0.08921627690454023,0.0023002355003012213,0.007503149131934936,0.0009858152144148092,0.0013144202858864122,0.002355003012213155,0.0032312832028040966,0.0060791938222246565,0.014075250561366997,0.0018073278930938168,0.0070650090366394655,0.012322690180185114,0.0035598882742756996,0.0015334903335341475,0.0015882578454460815,0.002026397940741552,0.019332931704912647,0.03094364423024262,0.03483213757598992,0.06703543458020703,0.007941289227230407,0.003833725833835369,0.003778958321923435,0.003943260857659237,0.003833725833835369,0.0008215126786790076,0.001040582726326743,0.0011501177501506107,0.0010953502382386768,0.00142395530971028,0.0014787228216222136,0.009748617120324224,0.009803384632236158,0.003943260857659237,0.0009310477025028753,0.0013144202858864122,0.0067364039651678625,0.003724190810011501,0.00427186592913084,0.006298263869872392,0.0038884933457473026,0.00399802836957117,0.004107563393395038,0.005148146119721781,0.005202913631633715,0.004217098417218906,0.009858152144148091,0.00213593296456542,0.0015334903335341475,0.002355003012213155,0.004655238512514376,0.02081165452653486,0.00284791061942056,0.004929076072074046,0.004655238512514376,0.006188728846048524,0.0050933786078098476,0.008927104441645217,0.004381400952954707,0.029026781313324937,0.0012596527739744783,0.0018620954050057505,0.0018620954050057505,0.001697792869269949,0.00952954707267649,0.009803384632236158
22,0.02590133347966855,0.00839598309828239,0.00801185315260934,0.006420457663392417,0.0022499039675135815,0.002085276847939417,0.0019206497283652526,0.00762772320693629,0.002469406793612468,0.0035669209241068977,0.0076825989134610105,0.005377819239422707,0.00801185315260934,0.008231355978708227,0.008066728859134061,0.008286231685232947,0.005048565000274378,0.010426384239697085,0.030785271360368766,0.02046863853372112,0.0013718926631180377,0.00290841244581024,0.00038412994567305054,0.00109751413049443,0.0006036327717719366,0.005487570652472151,0.009767875761400428,0.013883553750754542,0.006365581956867695,0.0017560226087910882,0.0019755254348899744,0.002085276847939417,0.007792350326510454,0.025352576414421336,0.003402293804532733,0.0026889096197113536,0.005926576304669922,0.028645118805904625,0.02661471766448993,0.013718926631180376,0.037754486089008395,0.009054491576579048,0.011578774076716238,0.05141853701366405,0.09016078582011744,0.0024145310870877464,0.007572847500411568,0.0009877627174449872,0.0013718926631180377,0.0023596553805630247,0.003347418098008012,0.006091203424244087,0.013883553750754542,0.0018108983153158097,0.0070789661416890744,0.012292158261537617,0.003676672337156341,0.0015913954892169237,0.0017011469022663666,0.002085276847939417,0.02008450858804807,0.030620644240794602,0.034791197936673436,0.06667398342753662,0.008066728859134061,0.003896175163255227,0.0038412994567305053,0.003951050869779949,0.0038412994567305053,0.0008231355978708226,0.0011523898370191517,0.0012621412500685946,0.00109751413049443,0.0015913954892169237,0.0015913954892169237,0.009767875761400428,0.00982275146792515,0.004170553695878834,0.0009877627174449872,0.0013170169565933161,0.006804587609065466,0.003951050869779949,0.004170553695878834,0.00620095483729353,0.0038412994567305053,0.003951050869779949,0.00400592657630467,0.0051034407067991,0.005158316413323822,0.004115677989354113,0.009658124348350986,0.002140152554464139,0.0014816440761674806,0.0023047796740383033,0.0046644350546013276,0.020249135707622237,0.0027986610327607967,0.004829062174175493,0.004609559348076607,0.006255830543818251,0.004938813587224936,0.00878011304395544,0.00439005652197772,0.028974373045052956,0.0012621412500685946,0.0018657740218405313,0.0018657740218405313,0.0017011469022663666,0.009658124348350986,0.00982275146792515
23,0.026314340765207816,0.008422791081750619,0.007927332782824112,0.006440957886044592,0.0023121387283236996,0.0021469859620148637,0.0019267822736030828,0.007597027250206441,0.002477291494632535,0.0035783099366914397,0.007762180016515277,0.005505092210294523,0.008092485549132947,0.008312689237544729,0.008147536471235893,0.008257638315441783,0.005174786677676851,0.010349573355353702,0.030828516377649325,0.020368841178089733,0.0013762730525736307,0.0029176988714560968,0.0003853564547206166,0.0011010184420589045,0.0006055601431323974,0.005505092210294523,0.009688962290118359,0.013817781447839251,0.006385906963941646,0.0017616295072942472,0.002036884117808973,0.0021469859620148637,0.007982383704927057,0.025323424167354804,0.003468208092485549,0.0028075970272502066,0.006000550509221029,0.028406275805119736,0.02603908615469309,0.014093036058353978,0.03770988164051748,0.008973300302780072,0.011505642719515551,0.05141756124415084,0.09006330856041839,0.0024222405725295897,0.007652078172309386,0.0010459675199559592,0.0013762730525736307,0.0024222405725295897,0.003413157170382604,0.006165703275529865,0.014093036058353978,0.0018166804293971925,0.0069914671070740435,0.012441508395265621,0.003633360858794385,0.0016515276630883566,0.0017616295072942472,0.002036884117808973,0.02042389210019268,0.03022295623451693,0.0345719790806496,0.06540049545829893,0.008092485549132947,0.0038535645472061657,0.0039086154693091105,0.0039086154693091105,0.0038535645472061657,0.0008808147536471236,0.0012111202862647948,0.0013212221304706854,0.0011560693641618498,0.0016515276630883566,0.001706578585191302,0.009578860445912468,0.009854115056427195,0.0042939719240297275,0.0009358656757500688,0.0013212221304706854,0.006881365262868153,0.0038535645472061657,0.004183870079823837,0.006275805119735756,0.0039086154693091105,0.003963666391412056,0.004018717313515001,0.005119735755573906,0.005119735755573906,0.004183870079823837,0.009523809523809525,0.0021469859620148637,0.001486374896779521,0.0023121387283236996,0.004569226534544454,0.01981833195706028,0.0028075970272502066,0.005009633911368015,0.004624277456647399,0.006275805119735756,0.004789430222956234,0.008863198458574181,0.004404073768235618,0.02906688687035508,0.0012661712083677401,0.0018717313515001375,0.0018717313515001375,0.001706578585191302,0.009688962290118359,0.009854115056427195
24,0.026108510052327182,0.008427430459928394,0.008041861746075461,0.006444505645827596,0.0022583310382814654,0.0021481685486091986,0.0019278435692646654,0.007656293032222528,0.0024786560176259984,0.0035802809143486644,0.007821536766730927,0.005618286973285596,0.008096942990911595,0.008427430459928394,0.008207105480583862,0.008317267970256129,0.00517763701459653,0.010465436518865326,0.030735334618562378,0.02038006058936932,0.0013770311209033324,0.002919305976315065,0.0004406499586890664,0.001101624896722666,0.0006058936931974663,0.00550812448361333,0.00969429909115946,0.013770311209033324,0.006389424400991463,0.0017075185899201322,0.0019829248141007986,0.0020930873037730653,0.007876618011567062,0.02522721013494905,0.003525199669512531,0.0028642247314789315,0.006058936931974662,0.02825667860093638,0.02621867254199945,0.014266042412558523,0.03767557146791518,0.009088405397961994,0.011622142660424125,0.0512806389424401,0.08972734783806113,0.002423574772789865,0.007711374277058662,0.0010465436518865326,0.0013770311209033324,0.002423574772789865,0.003359955935004131,0.006169099421646929,0.014100798678050124,0.0018176810795923989,0.0071054805838611955,0.012723767557146791,0.0038006058936931974,0.0016524373450839988,0.0017625998347562655,0.0020930873037730653,0.020490223079041588,0.03007435968052878,0.03420545304323878,0.06488570641696502,0.008152024235747728,0.003910768383365464,0.003855687138529331,0.003965849628201597,0.0038006058936931974,0.0008812999173781328,0.0012117873863949325,0.001321949876067199,0.0011567061415587992,0.0016524373450839988,0.0017075185899201322,0.00969429909115946,0.009749380335995593,0.004351418342054531,0.000936381162214266,0.001321949876067199,0.006830074359680529,0.0038006058936931974,0.0041861746075461306,0.006389424400991463,0.003855687138529331,0.003965849628201597,0.003965849628201597,0.00517763701459653,0.005122555769760397,0.004241255852382264,0.009584136601487193,0.0020930873037730653,0.001487193610575599,0.0023134122831175983,0.004571743321399063,0.01988432938584412,0.0028642247314789315,0.0049022307904158634,0.004571743321399063,0.006334343156155329,0.004792068300743597,0.008702836684109061,0.004351418342054531,0.02924814100798678,0.0012668686312310659,0.0019278435692646654,0.001872762324428532,0.0017075185899201322,0.009529055356651061,0.009969705315340126
25,0.025820568927789934,0.008150984682713348,0.007822757111597373,0.006345733041575492,0.0022428884026258204,0.0020787746170678337,0.0019146608315098468,0.00787746170678337,0.0025164113785557988,0.003774617067833698,0.008041575492341357,0.005908096280087528,0.008315098468271335,0.008479212253829322,0.008041575492341357,0.008205689277899343,0.005196936542669584,0.010284463894967177,0.030087527352297593,0.02035010940919037,0.0014223194748358861,0.0028993435448577683,0.000437636761487965,0.0012035010940919038,0.0006564551422319475,0.0057439824945295405,0.009956236323851203,0.013894967177242888,0.0064551422319474834,0.00175054704595186,0.0020787746170678337,0.002188183807439825,0.008096280087527353,0.024945295404814005,0.0036652078774617068,0.0031181619256017506,0.0064551422319474834,0.027789934354485776,0.02576586433260394,0.014551422319474835,0.037691466083150986,0.008971553610503282,0.011433260393873086,0.05032822757111598,0.08916849015317287,0.0025164113785557988,0.007713347921225383,0.0010393873085339169,0.0014223194748358861,0.0024070021881838076,0.0033916849015317285,0.006181619256017505,0.014168490153172867,0.0018599562363238512,0.006947483588621444,0.01263676148796499,0.0037199124726477024,0.0016958424507658642,0.0019146608315098468,0.0021334792122538293,0.02089715536105033,0.02948577680525164,0.03347921225382932,0.06334792122538294,0.00798687089715536,0.003938730853391685,0.003774617067833698,0.003938730853391685,0.003774617067833698,0.00087527352297593,0.001312910284463895,0.0014223194748358861,0.001148796498905908,0.00175054704595186,0.0018599562363238512,0.00962800875273523,0.009792122538293216,0.004595185995623632,0.0009846827133479213,0.0013676148796498905,0.006838074398249453,0.0036652078774617068,0.004266958424507659,0.0064551422319474834,0.00399343544857768,0.00399343544857768,0.004102844638949671,0.005087527352297593,0.005196936542669584,0.004266958424507659,0.009846827133479213,0.002188183807439825,0.0016411378555798686,0.002297592997811816,0.004649890590809628,0.020459518599562364,0.0028993435448577683,0.0049781181619256015,0.004595185995623632,0.006564551422319475,0.004923413566739606,0.008862144420131291,0.004485776805251641,0.030196936542669583,0.0012582056892778994,0.0019146608315098468,0.0018599562363238512,0.00175054704595186,0.00962800875273523,0.009901531728665208
26,0.025423728813559324,0.008148631029986962,0.007714037375054324,0.006301607996523251,0.0022816166883963492,0.0021729682746631897,0.001901347240330291,0.008202955236853542,0.0025532377227292483,0.004019991308126901,0.00836592785745328,0.006301607996523251,0.00863754889178618,0.008909169926119079,0.008039982616253803,0.008039982616253803,0.005215123859191656,0.010212950890916993,0.029606692742285962,0.01993698392003477,0.001521077792264233,0.0028791829639287264,0.0005432420686657974,0.0012494567579313341,0.000651890482398957,0.005921338548457193,0.010321599304650151,0.014015645371577574,0.006736201651455889,0.0018470230334637113,0.00211864406779661,0.0022272924815297697,0.008257279443720122,0.024445893089960886,0.0036940460669274227,0.0033137766188613645,0.006573229030856149,0.027216427640156454,0.025369404606692743,0.01477618426770969,0.037157757496740544,0.0088548457192525,0.011516731855714906,0.049869621903520206,0.08746197305519339,0.0024989135158626683,0.007659713168187744,0.0010864841373315949,0.0014667535853976532,0.0024445893089960887,0.003422425032594524,0.006192959582790091,0.014015645371577574,0.001901347240330291,0.007007822685788787,0.012766188613646241,0.003802694480660582,0.001738374619730552,0.0020099956540634506,0.0021729682746631897,0.02102346805736636,0.028900478053020425,0.03243155149934811,0.06138635375923512,0.007877009995654063,0.003857018687527162,0.003802694480660582,0.003857018687527162,0.0037483702737940027,0.0009235115167318557,0.0014124293785310734,0.0015754019991308127,0.0011951325510647544,0.001955671447196871,0.0020099956540634506,0.009506736201651456,0.009724033029117774,0.0046718817905258584,0.0010321599304650153,0.0013581051716644937,0.006790525858322468,0.003476749239461104,0.004345936549326379,0.006627553237722729,0.004019991308126901,0.004128639721860061,0.004128639721860061,0.005160799652325076,0.0051064754454584966,0.004345936549326379,0.010321599304650151,0.0022272924815297697,0.001738374619730552,0.0022816166883963492,0.004726205997392438,0.02124076488483268,0.0029335071707953064,0.0051064754454584966,0.004726205997392438,0.006573229030856149,0.005160799652325076,0.009235115167318557,0.004454584963059539,0.03129074315514994,0.001303780964797914,0.001955671447196871,0.001955671447196871,0.0017926988265971316,0.009832681442850934,0.010049978270317254
27,0.024895590388891903,0.007973097575527471,0.007593426262407116,0.006237457286977274,0.0022780278787221347,0.0021153116016705536,0.001898356565601779,0.008623962683733796,0.002603460432825297,0.004176384444323914,0.00867820144275099,0.006671367359114823,0.00884091771980257,0.009166350273905733,0.007973097575527471,0.007918858816510279,0.0051526821066334005,0.010034170418180832,0.02869230352009546,0.02017681835439605,0.0015186852524814232,0.0028746542279112653,0.0006508651082063243,0.0013017302164126485,0.0006508651082063243,0.006345934805011662,0.010793513044421544,0.014319032380539134,0.007105277431252373,0.001898356565601779,0.002223789119704941,0.0023322666377393287,0.008786678960785377,0.024136247762651192,0.0036882356131691706,0.0034170418180832023,0.0066171286000976295,0.026468514400390518,0.02473287411184032,0.014915658729728264,0.037153549926777676,0.008949395237836959,0.011498616911645061,0.04870640559743993,0.0867820144275099,0.0025492216738081034,0.00764766502142431,0.0011390139393610674,0.0015186852524814232,0.0025492216738081034,0.0035797580951347835,0.006291696045994468,0.01399359982643597,0.001898356565601779,0.006942561154200792,0.012854585887074903,0.003742474372186364,0.0017898790475673917,0.0021153116016705536,0.0023322666377393287,0.020502250908499213,0.027716005857785973,0.03140424147095514,0.05922872484677551,0.007756142539458697,0.003959429408255139,0.0038509518902207517,0.0039051906492379453,0.003796713131203558,0.0009762976623094863,0.0015186852524814232,0.0016271627705158106,0.0012474914573954547,0.00206107284265336,0.0021153116016705536,0.00954602158702609,0.009654499105060476,0.004610294516461463,0.00103053642132668,0.001355968975429842,0.0066171286000976295,0.003471280577100396,0.004339100721375495,0.006779844877149211,0.004176384444323914,0.004230623203341107,0.004230623203341107,0.0051526821066334005,0.005206920865650594,0.004339100721375495,0.010901990562455931,0.0022780278787221347,0.001898356565601779,0.0023865053967565223,0.004881488311547432,0.021803981124911862,0.0030373705049628465,0.005206920865650594,0.004718772034495851,0.006834083636166405,0.005369637142702175,0.009437544068991702,0.004610294516461463,0.03248901665129902,0.001355968975429842,0.0019525953246189727,0.0019525953246189727,0.0017898790475673917,0.009979931659163638,0.010196886695232414
28,0.024157968363284193,0.007747767136554395,0.00731733562896804,0.006079845044657269,0.002205961476380071,0.0020983535994834822,0.0018831378456903045,0.009308081351554934,0.0026363929839664266,0.004465726891208437,0.009308081351554934,0.007048315936726568,0.009469493166899818,0.009684708920692994,0.007640159259657807,0.007532551382761218,0.005057570214139675,0.009953728612934467,0.0279242440546648,0.020176476918110406,0.001667922091897127,0.0029054126762078983,0.0006994511998278274,0.0013450984612073604,0.0006994511998278274,0.006833100182933391,0.011514042827935006,0.014903690950177554,0.007371139567416335,0.0019907457225868935,0.00231356935327666,0.002474981168621543,0.00914666953621005,0.023781340794146132,0.003766275691380609,0.0034972559991391368,0.006725492306036802,0.02544926288604326,0.024050360486387604,0.014796083073280964,0.03653287420639191,0.00877004196707199,0.011460238889486711,0.04767028946518885,0.08484881093296029,0.0025287851070698373,0.0075863553212095125,0.0011836866458624772,0.0015065102765522435,0.0026363929839664266,0.0035510599375874314,0.006133648983105563,0.013612396427418487,0.0018831378456903045,0.006833100182933391,0.012966749166038955,0.0037124717529323148,0.0019369417841385989,0.0022597654148283656,0.002474981168621543,0.0202302808565587,0.02679436134725062,0.030291617346389757,0.058108253524157966,0.007640159259657807,0.003981491445173787,0.0038738835682771977,0.003981491445173787,0.0038200796298289035,0.0010222748305175938,0.0016141181534488325,0.0017217260303454213,0.001291294522759066,0.0020983535994834822,0.002205961476380071,0.009361885290003228,0.009469493166899818,0.004680942645001614,0.0010760787689658882,0.0013989023996556548,0.0064026686753470355,0.003389648122242548,0.004411922952760142,0.0069945119982782735,0.0041967071989669645,0.004411922952760142,0.004411922952760142,0.005165178091036264,0.005165178091036264,0.004304315075863553,0.011352631012590122,0.00231356935327666,0.0020983535994834822,0.0024211772301732486,0.005057570214139675,0.022974281717421715,0.0030668244915527817,0.0053803938448294415,0.0047885505218982025,0.007209727752071452,0.005757021413967503,0.01011514042827935,0.004734746583449909,0.03411169697621866,0.0013450984612073604,0.0019369417841385989,0.0019369417841385989,0.0017755299687937157,0.01011514042827935,0.010276552243624233
29,0.023150128314798974,0.007591958939264329,0.007057313943541489,0.005934559452523525,0.0021920444824636443,0.0020316509837467922,0.0017643284858853722,0.009944396920444824,0.002619760479041916,0.0045979469632164245,0.010051325919589392,0.007431565440547476,0.01015825491873396,0.010318648417450813,0.007431565440547476,0.0072177074422583405,0.004918733960650129,0.009409751924721984,0.02699957228400342,0.020476903336184772,0.001657399486740804,0.0028336184773310523,0.00080196749358426,0.001390076988879384,0.0007485029940119761,0.007164242942686056,0.01229683490162532,0.015397775876817793,0.007645423438836612,0.001978186484174508,0.0022989734816082122,0.00240590248075278,0.0093562874251497,0.02363130881094953,0.003689050470487596,0.003689050470487596,0.006843455945252352,0.025021385799828915,0.023845166809238667,0.014916595380667237,0.035553892215568865,0.008340461933276304,0.01122754491017964,0.046781437125748504,0.08265611633875107,0.002512831479897348,0.007591958939264329,0.0012296834901625322,0.0015504704875962361,0.002619760479041916,0.0035286569717707444,0.005988023952095809,0.013419589392643285,0.0018712574850299401,0.006736526946107785,0.012991873396065013,0.003582121471343028,0.0018712574850299401,0.002512831479897348,0.0024593669803250643,0.019835329341317365,0.02619760479041916,0.02951240376390077,0.056939692044482466,0.007431565440547476,0.0039029084687767323,0.003849443969204448,0.0039029084687767323,0.0037425149700598802,0.0010158254918733961,0.0017643284858853722,0.0018712574850299401,0.0012831479897348161,0.002245508982035928,0.00240590248075278,0.009249358426005133,0.009302822925577417,0.0045979469632164245,0.00106928999144568,0.001443541488451668,0.006201881950384945,0.003314798973481608,0.004491017964071856,0.007431565440547476,0.00427715996578272,0.004758340461933276,0.004704875962360992,0.005239520958083832,0.005292985457656116,0.00427715996578272,0.01256415739948674,0.00240590248075278,0.0024593669803250643,0.00240590248075278,0.00507912745936698,0.02454020530367836,0.00320786997433704,0.005506843455945252,0.0048652694610778445,0.0072177074422583405,0.006041488451668092,0.01042557741659538,0.004758340461933276,0.03571428571428571,0.001390076988879384,0.001978186484174508,0.001924721984602224,0.0017643284858853722,0.010104790419161677,0.01015825491873396
30,0.022580816956915377,0.007562443414815999,0.00697662033338659,0.005964744101826703,0.0022367790381850137,0.0021835223944187037,0.0018639825318208447,0.01043830217819673,0.0026628321883154925,0.004739841295201577,0.01054481546572935,0.007935239921180167,0.010757842040794588,0.011183895190925068,0.0072961601959844495,0.007083133620919209,0.004952867870266816,0.009639452521702082,0.026255525376790753,0.019651701549768332,0.0016509559567556053,0.0028758587633807317,0.001065132875326197,0.0013314160941577462,0.0007988496564946477,0.007509186771049689,0.012568567928849124,0.015284656760930927,0.007562443414815999,0.0019704958193534645,0.0022367790381850137,0.0023432923257176333,0.009053629440272675,0.022847100175746926,0.0036214517761090697,0.0036747084198753793,0.00681685040208766,0.02455131277626884,0.023273153325877403,0.014645577035735208,0.034616818448101404,0.008201523140011716,0.011396921765990307,0.04553443042019492,0.07988496564946478,0.002449805613250253,0.007402673483517069,0.0011716461628588166,0.0014911860254566756,0.0025563189007828725,0.00346168184481014,0.006071257389359323,0.013260904297811151,0.0019172391755871545,0.00676359375832135,0.013367417585343771,0.0035681951323427597,0.0018639825318208447,0.0026095755445491825,0.0025563189007828725,0.019385418330936783,0.025350162432763487,0.02870533099004101,0.05490759972306545,0.007136390264685519,0.0037812217074079993,0.0036747084198753793,0.003887734994940619,0.0036747084198753793,0.001011876231559887,0.0017574692442882249,0.0018639825318208447,0.0012781594503914362,0.0022900356819513233,0.0023432923257176333,0.009160142727805293,0.009160142727805293,0.004526814720136337,0.001065132875326197,0.001384672737924056,0.006124514033125633,0.0029291154071470417,0.0045800713639026465,0.008041753208712787,0.004420301432603717,0.005006124514033126,0.005006124514033126,0.005378921020397294,0.005378921020397294,0.004526814720136337,0.013580444160409011,0.0023965489694839433,0.002822602119614422,0.0023965489694839433,0.005219151089098365,0.026095755445491826,0.0035149384885764497,0.005858230814294083,0.004952867870266816,0.007509186771049689,0.00697662033338659,0.011343665122223998,0.004846354582734196,0.03813175693667785,0.0014379293816903658,0.002077009106886084,0.002077009106886084,0.0018639825318208447,0.01022527560313149,0.010598072109495659
31,0.021344829399085222,0.007570579885389833,0.006992271699700331,0.005835655328321329,0.002208085799905368,0.0021029388570527312,0.0017349245570685032,0.01161873718521634,0.0026812470427422324,0.004573892014089691,0.011829031070921613,0.008306608485358288,0.012302192313758478,0.012880500499447979,0.007097418642552968,0.006939698228274013,0.0048893328426476,0.009252930971032016,0.025287839756059093,0.019662478313443036,0.0016297776142158668,0.0029441143998738236,0.001156616371379002,0.0012617633142316387,0.0007886020713947742,0.007833447242521423,0.01372167604226907,0.015982335313600757,0.007412859471110878,0.0017874980284948215,0.0019977919142000946,0.0021029388570527312,0.008832343199621472,0.02234372535618527,0.003154408285579097,0.003206981757005415,0.005993375742600284,0.024394090741811682,0.02318490089900636,0.013511382156563797,0.03301614005572788,0.007780873771095105,0.01130329635665843,0.04468745071237054,0.07659954786814574,0.0021555123284790496,0.007149992113979286,0.0010514694285263656,0.001314336785657957,0.002470953157036959,0.003312128699858052,0.005888228799747647,0.012459912728037432,0.0018926449713474582,0.006781977813995058,0.012933073970874297,0.003574996056989643,0.0016823510856421849,0.0025235266284632774,0.0023658062141843224,0.017980127227800853,0.02513011934178014,0.028547394984490826,0.054308395983386784,0.007044845171126649,0.0036275695284159614,0.0036275695284159614,0.0038904368855475525,0.003732716471268598,0.0008937490142474108,0.0016297776142158668,0.0017349245570685032,0.001104042899952684,0.002050365385626413,0.0021555123284790496,0.008832343199621472,0.00888491667104779,0.0038378634141212342,0.001104042899952684,0.001314336785657957,0.006256243099731875,0.003312128699858052,0.004784185899794963,0.008411755428210925,0.004468745071237054,0.00552021449976342,0.00552021449976342,0.005730508385468692,0.005730508385468692,0.0045213185426633724,0.014878292413648074,0.0024183796856106408,0.003206981757005415,0.0024183796856106408,0.005467641028337101,0.029230850113032964,0.0038378634141212342,0.006203669628305557,0.005099626728352873,0.007360285999684559,0.00825403501393197,0.012880500499447979,0.004941906314073918,0.040639293412544034,0.0014720571999369118,0.002050365385626413,0.002050365385626413,0.0017874980284948215,0.010146679985279428,0.010672414699542611
32,0.020221348779478693,0.007550682664460074,0.006930078609846918,0.005688870500620604,0.002172114191146049,0.0021203971865949526,0.0017066611501861811,0.013342987174182872,0.0026892842366570127,0.004240794373189905,0.013342987174182872,0.008740173769135292,0.01406702523789822,0.014532478278858089,0.006774927596193628,0.006878361605295822,0.004757964418700869,0.009257343814646256,0.024617294166321888,0.01949731071576334,0.001551510136532892,0.0029995862639635913,0.0011377741001241208,0.0011894911046752173,0.0008791890773686388,0.008171286719073231,0.015566818369880017,0.01680802647910633,0.0071886636326024,0.0016549441456350847,0.0018618121638394704,0.0019135291683905669,0.008274720728175424,0.0215142738932561,0.0027410012412081093,0.00258585022755482,0.005068266446007447,0.023944973107157635,0.022600330988829128,0.011998345055854365,0.031495655771617705,0.0073438146462556884,0.011274306992139015,0.04333884981381878,0.07307612743069922,0.0018618121638394704,0.006671493587091436,0.001034340091021928,0.0011894911046752173,0.0023789822093504345,0.003103020273065784,0.005740587505171701,0.011998345055854365,0.0019135291683905669,0.006671493587091436,0.012722383119569714,0.0034133223003723623,0.001551510136532892,0.002327265204799338,0.002327265204799338,0.0158254033926355,0.024927596193628464,0.02859950351675631,0.0545614398014067,0.006516342573438146,0.003568473314025652,0.003465039304923459,0.003930492345883326,0.003723624327678941,0.0008274720728175424,0.0013963591228796028,0.0014997931319817956,0.001034340091021928,0.0017583781547372776,0.0018618121638394704,0.00848158874637981,0.008585022755482003,0.0028961522548613984,0.0009826230864708315,0.00129292511377741,0.006050889532478279,0.0031547372776168803,0.004809681423251965,0.008533305750930906,0.004499379395945387,0.005688870500620604,0.005585436491518411,0.005895738518824989,0.005844021514273893,0.004551096400496483,0.01567025237898221,0.0024306992139015307,0.003465039304923459,0.0024824162184526274,0.005585436491518411,0.03335746793545718,0.004292511377741001,0.0062577575506826645,0.00517170045510964,0.008429871741828713,0.009515928837401738,0.014480761274306992,0.005378568473314025,0.04447662391394291,0.0014997931319817956,0.002068680182043856,0.0021203971865949526,0.001810095159288374,0.010188249896565992,0.01075713694662805
33,0.019444871992201528,0.007695859627520394,0.007285413780719306,0.0055410189318146836,0.0020522292340054383,0.0019496177723051665,0.0015391719255040787,0.016212610948642965,0.002821815196757478,0.0036940126212097893,0.01575085937099174,0.009235031553024473,0.016674362526294187,0.016879585449694732,0.007080190857318762,0.007285413780719306,0.004874044430762916,0.008670668513672977,0.022933661690010775,0.019855317839002618,0.001487866194653943,0.0032835667744087016,0.001180031809553127,0.0011287260787029912,0.0009235031553024473,0.007849776820070802,0.01852136883689908,0.018726591760299626,0.006567133548817403,0.001436560463803807,0.0015904776563542148,0.0016417833872043508,0.007439330973269714,0.02057359807090452,0.002360063619106254,0.0019496177723051665,0.0042583756605612845,0.022933661690010775,0.021291878302806422,0.010312451900877328,0.030065158278179672,0.006669745010517675,0.010876814940228824,0.0410958904109589,0.06762095326047919,0.0016417833872043508,0.0062592991637165874,0.0009235031553024473,0.0010261146170027192,0.002360063619106254,0.002821815196757478,0.005694936124365091,0.011851623826381406,0.0018470063106048947,0.006823662203068083,0.011851623826381406,0.0031296495818582937,0.0013852547329536709,0.0017443948489046226,0.0021035349648555746,0.013544712944435893,0.023805859114463087,0.027756400389923556,0.05320404289159099,0.006207993432866451,0.003386178236108973,0.0033348725052588374,0.003899235544610333,0.0036940126212097893,0.0007695859627520394,0.0011287260787029912,0.001180031809553127,0.0008721974244523113,0.001282643271253399,0.0013339490021035349,0.008106305474321483,0.008311528397722026,0.0021548406957057104,0.0009748088861525832,0.0011287260787029912,0.006002770509465907,0.003386178236108973,0.0053357960084141395,0.008670668513672977,0.004771432969062644,0.0059001590477656355,0.005848853316915499,0.006515827817967267,0.006567133548817403,0.004720127238212508,0.016828279718844597,0.002616592273356934,0.003899235544610333,0.002719203735057206,0.005694936124365091,0.03996716433225591,0.005027961623313324,0.006361910625416859,0.005387101739264276,0.009081114360474065,0.010671592016828279,0.015956082294392285,0.0053357960084141395,0.04802216407572726,0.0015391719255040787,0.0019496177723051665,0.0020009235031553025,0.0016930891180544866,0.010107228977476785,0.010620286285978144
34,0.017444529456771232,0.007396072430502423,0.007243050242285131,0.0056108135679673555,0.00204029584289722,0.0019892884468247895,0.001530221882172915,0.0173935220606988,0.002907421576128539,0.003570517725070135,0.016883448099974496,0.009742412649834225,0.017801581229278246,0.018770721754654426,0.007039020657995409,0.007243050242285131,0.005202754399387911,0.007702116806937006,0.019127773527161437,0.020096914052537617,0.0016322366743177761,0.0033664881407804133,0.0014282070900280542,0.0010711553175210406,0.0008671257332313185,0.008569242540168324,0.019637847487885742,0.01943381790359602,0.006937005865850548,0.0015812292782453456,0.0016322366743177761,0.0017852588625350675,0.0075490946187197145,0.020555980617189492,0.0023463402193318033,0.0013771996939556236,0.0038765621015047183,0.021066054577913797,0.020147921448610048,0.009334353481254783,0.028717163988778372,0.00612088752869166,0.01106860494771742,0.03641928079571538,0.059423616424381535,0.001734251466462637,0.00612088752869166,0.0010711553175210406,0.001122162713593471,0.002652384595766386,0.0030094363682733995,0.005457791379750064,0.011476664116296864,0.001836266258607498,0.006885998469778117,0.013516959959194084,0.0038765621015047183,0.001530221882172915,0.0012751849018107625,0.0022953328232593728,0.011476664116296864,0.02132109155827595,0.02448355011476664,0.050242285131344044,0.005712828360112217,0.0033664881407804133,0.0032644733486355522,0.003927569497577148,0.0036215251211425656,0.0008671257332313185,0.0008161183371588881,0.000918133129303749,0.0009691405253761796,0.0009691405253761796,0.0009691405253761796,0.007600102014792145,0.0076511094108645756,0.001734251466462637,0.000918133129303749,0.0010711553175210406,0.006681968885488396,0.003927569497577148,0.005661820964039786,0.009640397857689364,0.004845702626880897,0.006171894924764091,0.006171894924764091,0.007192042846212701,0.00714103545014027,0.005151747003315481,0.018362662586074982,0.0028564141800561083,0.004131599081866871,0.0030094363682733995,0.005865850548329507,0.04361132364192808,0.0055087987758224944,0.006937005865850548,0.005814843152257078,0.011935730680948737,0.012649834225962765,0.01815863300178526,0.006477939301198674,0.0546799285896455,0.0015812292782453456,0.00204029584289722,0.0020913032389696506,0.0017852588625350675,0.010558530986993114,0.010915582759500128
35,0.015553850089536966,0.007214121258633922,0.007316449219749297,0.005423381939114863,0.0020465592223074956,0.001995395241749808,0.001432591455615247,0.019544640573036582,0.0030698388334612432,0.0031210028140189307,0.018777180864671273,0.010028140189306728,0.019851624456382708,0.02097723202865183,0.006907137375287797,0.007265285239191609,0.005218726016884114,0.007111793297518547,0.017088769506267587,0.02041442824251727,0.001586083397288309,0.003683806600153492,0.0014837554361729342,0.0009721156305960604,0.0008186236889229982,0.00859554873369148,0.021488871834228703,0.02072141212586339,0.007162957278076234,0.0015349194167306216,0.001586083397288309,0.0016372473778459963,0.007418777180864671,0.019953952417498082,0.00214888718342287,0.0008186236889229982,0.003172166794576618,0.01974929649526733,0.018879508825786647,0.008493220772576106,0.027475057559478128,0.005576873880787926,0.011051419800460476,0.03294960347915068,0.054387311332821694,0.0015349194167306216,0.005935021744691737,0.001074443591711435,0.001074443591711435,0.002762854950115119,0.0030698388334612432,0.005525709900230238,0.011000255819902788,0.0018930672806344335,0.007009465336403172,0.013200306983883347,0.003837298541826554,0.0014837554361729342,0.0008186236889229982,0.00214888718342287,0.009056024558710667,0.019493476592478895,0.022563315425940138,0.04717319007418777,0.005576873880787926,0.0032233307751343056,0.0031210028140189307,0.003939626502941929,0.0036326426195958045,0.0008697876694806856,0.0005628037861345613,0.0005628037861345613,0.000920951650038373,0.0005628037861345613,0.0006139677666922486,0.007316449219749297,0.007367613200306984,0.0013814274750575594,0.0008186236889229982,0.0008697876694806856,0.007009465336403172,0.0038884625223842414,0.006242005628037861,0.010232796111537478,0.004962906114095677,0.006753645433614735,0.006804809414172422,0.007776925044768483,0.007725761064210796,0.005372217958557176,0.020465592223074956,0.0030186748529035558,0.004962906114095677,0.0033768227168073676,0.0060373497058071116,0.04773599386032233,0.006242005628037861,0.007111793297518547,0.0060885136863647995,0.012074699411614223,0.014325914556152468,0.019953952417498082,0.006804809414172422,0.059810693271936555,0.0016884113584036838,0.0020465592223074956,0.00214888718342287,0.0017395753389613713,0.010642107955998978,0.011256075722691225
36,0.01499540956849944,0.007038661634193614,0.0069366520452922575,0.0052534938284198715,0.0020401917780271347,0.0019381821891257779,0.0013771294501683158,0.020911965724778128,0.0031622972559420585,0.003060287667040702,0.020350912985820667,0.010762011629093135,0.021881056819341018,0.02341120065286137,0.006579618484137509,0.006834642456390901,0.0051004794450678365,0.006732632867489544,0.015964500663062327,0.020095889013567275,0.0015811486279710292,0.003672345200448842,0.001683158216872386,0.0009180863001122105,0.0008670815056615322,0.009129858206671428,0.02244210955829848,0.020860960930327452,0.007191676017545649,0.0014791390390696726,0.0015811486279710292,0.0016321534224217075,0.00749770478424972,0.019075793124553708,0.0020401917780271347,0.0007140671223094971,0.002907273283688667,0.01841273079669489,0.01769866367438539,0.008160767112108539,0.02585943078649393,0.0051004794450678365,0.010813016423543813,0.031061919820463125,0.05131082321738244,0.0014281342446189943,0.00561052738957462,0.0010200958890135673,0.0010200958890135673,0.0027542589003366315,0.003060287667040702,0.005355503417321228,0.010557992451290422,0.0018871773946750995,0.006732632867489544,0.01305722737937366,0.003672345200448842,0.0014281342446189943,0.0006630623278588187,0.0021932061613791696,0.008211771906559216,0.018106702029990818,0.020962970519228807,0.04360909925533,0.0052534938284198715,0.0031622972559420585,0.003060287667040702,0.003927369172702234,0.0035703356115474854,0.0008160767112108538,0.00045904315005610525,0.0005100479445067837,0.0009180863001122105,0.0005100479445067837,0.0005100479445067837,0.006987656839742936,0.007038661634193614,0.0012241150668162808,0.0007650719167601755,0.0008160767112108538,0.006885647250841579,0.0037233499948995208,0.006375599306334795,0.010557992451290422,0.005049474650617158,0.007140671223094971,0.0070896664286442925,0.008007752728756503,0.007701723962052433,0.005355503417321228,0.02183005202489034,0.0031622972559420585,0.005355503417321228,0.0034173212281954505,0.006018565745180047,0.050647760889523614,0.006681628073038866,0.0074466999897990415,0.006171580128532082,0.01275119861266959,0.0162705294297664,0.022034071202693052,0.007038661634193614,0.06421503621340406,0.0017341630113230644,0.002091196572477813,0.0021932061613791696,0.0017851678057737427,0.01091502601244517,0.011374069162501275
37,0.013760998567628403,0.006803765091057908,0.006803765091057908,0.00511561285041948,0.0019950890116635974,0.0019439328831594026,0.0013300593411090648,0.021741354614282792,0.0032228360957642726,0.0029670554532432985,0.021587886228770208,0.011100879885410272,0.023276038469408636,0.02532228360957643,0.00639451606302435,0.006701452834049519,0.0050644567219152855,0.00639451606302435,0.015039901780233272,0.019746265602619193,0.0015858399836300389,0.0037855535093104156,0.0016881522406384285,0.0009208103130755065,0.0008696541845713117,0.009259259259259259,0.023173726212400245,0.021229793329240843,0.007264170247595662,0.0014835277266216492,0.001534683855125844,0.0015858399836300389,0.007417638633108246,0.01821158174749335,0.0019439328831594026,0.0006650296705545324,0.002813587067730714,0.017546552076938816,0.01683036627788009,0.007878043789646,0.024759566196030286,0.004706363822385922,0.010742786985880909,0.029210149375895233,0.04880294659300184,0.0013812154696132596,0.005473705749948844,0.001074278698588091,0.0010231225700838961,0.002813587067730714,0.0030182115817474933,0.005371393492940454,0.010180069572334766,0.0018927767546552078,0.006547984448536935,0.012737875997544506,0.0034786167382852467,0.0014323715981174544,0.0006650296705545324,0.002148557397176182,0.0074687947616124415,0.017137303048905258,0.019695109474115,0.04158993247391037,0.0050644567219152855,0.003120523838755883,0.0029158993247391037,0.003887865766318805,0.003427460609781052,0.0008184980560671168,0.00046040515653775324,0.00046040515653775324,0.0008696541845713117,0.00046040515653775324,0.0005115612850419481,0.006650296705545324,0.006701452834049519,0.0011254348270922857,0.0007161857990587272,0.000767341927562922,0.006701452834049519,0.0034786167382852467,0.0064968283200327395,0.010845099242889298,0.005269081235932065,0.007417638633108246,0.007315326376099857,0.008082668303662778,0.00777573153263761,0.005371393492940454,0.023122570083896052,0.0032228360957642726,0.005780642520974013,0.0035297728667894415,0.006138735420503376,0.05381624718641293,0.006957233476570493,0.0076222631471250255,0.006138735420503376,0.012840188254552895,0.017648864333947207,0.023889912011458972,0.007110701862083077,0.06778187026805811,0.0017393083691426233,0.002097401268671987,0.0021997135256803767,0.0017904644976468181,0.011049723756906077,0.011458972784939635
38,0.01231084893562452,0.006463195691202872,0.006617081302898179,0.004924339574249807,0.0020005129520389844,0.001949217748140549,0.001333675301359323,0.022262118491921005,0.003282893049499872,0.00307771223390613,0.022467299307514746,0.011695306488843293,0.024365221851756862,0.02662221082328802,0.006309310079507566,0.006565786098999744,0.004924339574249807,0.00615542446781226,0.014260066683765067,0.019646063093100796,0.0015901513208515005,0.003898435496281098,0.001846627340343678,0.000923313670171839,0.000923313670171839,0.00943831751731213,0.023288022569889714,0.021287509617850732,0.00728391895357784,0.0014875609130546295,0.001538856116953065,0.0015901513208515005,0.007437804565273147,0.01764555014106181,0.001949217748140549,0.0006668376506796615,0.0028212362144139523,0.016773531674788407,0.016209284431905616,0.00774557578866376,0.024160041036163118,0.004513977943062323,0.010771992818671455,0.028058476532444216,0.0466786355475763,0.0013849705052577585,0.005488586817132598,0.0010771992818671453,0.0010259040779687098,0.002872531418312388,0.00307771223390613,0.005283406001538856,0.00969479353680431,0.0018979225442421134,0.006514490895101308,0.012105668120030777,0.003334188253398307,0.001436265709156194,0.000718132854578097,0.0021543985637342907,0.007130033341882534,0.016260579635804052,0.018722749422928956,0.0403180302641703,0.004975634778148243,0.0031290074378045652,0.002872531418312388,0.0039497307001795335,0.003334188253398307,0.000820723262374968,0.0004616568350859195,0.0005129520389843549,0.0008720184662734035,0.0004616568350859195,0.0005129520389843549,0.006514490895101308,0.006565786098999744,0.0010259040779687098,0.0007694280584765325,0.0007694280584765325,0.006565786098999744,0.003436778661195178,0.006514490895101308,0.010874583226468325,0.005283406001538856,0.00774557578866376,0.007591690176968454,0.008104642215952808,0.007848166196460631,0.005283406001538856,0.02405745062836625,0.003282893049499872,0.00615542446781226,0.00364195947678892,0.0062580148756091305,0.05591177224929469,0.007232623749679405,0.007591690176968454,0.006104129263913824,0.012105668120030777,0.018927930238522697,0.02549371633752244,0.00718132854578097,0.07032572454475507,0.0017953321364452424,0.0021031033598358554,0.0022056937676327264,0.0017953321364452424,0.011131059245960502,0.011644011284944857
39,0.011694106785659332,0.006308662871210955,0.006513822639380417,0.004923834436067087,0.002000307739652254,0.0019490177976098887,0.0013335384931015028,0.022670154382725547,0.0032825562907113914,0.0032825562907113914,0.02297789403497974,0.012207006206082987,0.02502949171667436,0.02718366928245371,0.006154793045083859,0.006462532697338052,0.004821254551982356,0.0061035031030414934,0.014207313945735241,0.018566959019336308,0.0015899882033133302,0.003949325537262143,0.0019490177976098887,0.0010257988408473098,0.0009745088988049443,0.009539929219879981,0.023490793455403395,0.02072113658511566,0.007385751654100631,0.0015386982612709647,0.0015386982612709647,0.0015899882033133302,0.007385751654100631,0.016310201569472226,0.0019490177976098887,0.0010770887828896753,0.0030773965225419295,0.01579730214904857,0.014925373134328358,0.007642201364312458,0.023644663281530493,0.004410935015643432,0.010719597886854388,0.027901728471046827,0.04595578806995948,0.0013335384931015028,0.005436733856490742,0.0010257988408473098,0.0010257988408473098,0.002923526696414833,0.0030773965225419295,0.005128994204236549,0.009539929219879981,0.0018977278555675232,0.006616402523465148,0.012001846437913525,0.0034877160588808534,0.0014874083192285992,0.0010257988408473098,0.0021541775657793506,0.007539621480227727,0.015746012207006208,0.018464379135251577,0.03898035595219777,0.004769964609939991,0.0029748166384571985,0.0027696568702877365,0.003846745653177412,0.003333846232753757,0.0008206390726778479,0.0007180591885931169,0.0007693491306354824,0.0008206390726778479,0.0007180591885931169,0.0007693491306354824,0.006565112581422783,0.006565112581422783,0.0010770887828896753,0.0007693491306354824,0.0007693491306354824,0.006616402523465148,0.003539006000923219,0.006462532697338052,0.010719597886854388,0.00523157408832128,0.007898651074524286,0.007898651074524286,0.008001230958609017,0.007744781248397189,0.005180284146278915,0.024670462122377803,0.0032825562907113914,0.006411242755295686,0.0036928758270503154,0.00625737292916859,0.057855054623788274,0.0072831717700159,0.007590911422270093,0.0061035031030414934,0.011642816843616966,0.019541467918141254,0.026004000615479306,0.007078012001846438,0.07185720880135406,0.0017951479714827922,0.002102887623736985,0.002205467507821716,0.0017951479714827922,0.011181207365235677,0.011642816843616966
40,0.011797752808988765,0.0064351378958120535,0.006537282941777324,0.004851889683350358,0.001991828396322778,0.001940755873340143,0.0012768130745658835,0.023391215526046987,0.003166496424923391,0.0033707865168539327,0.023748723186925433,0.01251276813074566,0.025893769152196117,0.028089887640449437,0.0060265577119509705,0.006332992849846782,0.004851889683350358,0.006128702757916241,0.01435137895812053,0.018794688457609805,0.001634320735444331,0.0037793667007150152,0.001940755873340143,0.0010725229826353423,0.0009703779366700715,0.009448416751787538,0.02425944841675179,0.02114402451481103,0.006639427987742594,0.0014300306435137897,0.0013789581205311543,0.0014300306435137897,0.006486210418794688,0.01634320735444331,0.001991828396322778,0.0010725229826353423,0.003115423901940756,0.016036772216547496,0.015066394279877425,0.0075587334014300305,0.023186925434116445,0.004239019407558733,0.010725229826353423,0.028140960163432073,0.04576098059244127,0.0013789581205311543,0.005413687436159346,0.0009703779366700715,0.0009193054136874361,0.002553626149131767,0.002553626149131767,0.0050561797752808986,0.009448416751787538,0.0018896833503575076,0.006486210418794688,0.01195097037793667,0.003421859039836568,0.001327885597548519,0.0010214504596527069,0.0021961184882533197,0.007814096016343208,0.016138917262512768,0.01884576098059244,0.03891726251276813,0.004851889683350358,0.0028600612870275793,0.002655771195097038,0.0036261491317671093,0.003166496424923391,0.0007660878447395301,0.0006639427987742595,0.0006639427987742595,0.0007660878447395301,0.0006639427987742595,0.0006639427987742595,0.0064351378958120535,0.006537282941777324,0.0010725229826353423,0.0008171603677221655,0.0008171603677221655,0.006588355464759959,0.0035240040858018386,0.006332992849846782,0.010623084780388151,0.00515832482124617,0.007865168539325843,0.007814096016343208,0.007916241062308479,0.007711950970377936,0.00515832482124617,0.02425944841675179,0.0032175689479060268,0.006384065372829418,0.0035240040858018386,0.006332992849846782,0.059039836567926454,0.007201225740551583,0.007405515832482125,0.0060265577119509705,0.011542390194075587,0.019458631256384064,0.026251276813074566,0.0069969356486210416,0.07160367722165475,0.001787538304392237,0.002093973442288049,0.0021961184882533197,0.001787538304392237,0.01108273748723187,0.011440245148110317
41,0.011574779165397502,0.006447355061427556,0.006447355061427556,0.004924357802822622,0.0018783632856127525,0.0018275967103259215,0.0012691643821707787,0.02243882627677937,0.0032490608183571934,0.0042643923240938165,0.02304802518022134,0.0131993095745761,0.024672555589399937,0.02685551832673368,0.005990455883846076,0.006295055335567063,0.0048228246522489596,0.006142755609706569,0.013808508478018074,0.018732866280840695,0.0019291298608995837,0.003655193420651843,0.002284495887907402,0.0012183978068839476,0.0011676312315971164,0.010508681084374048,0.023809523809523808,0.020966595593461264,0.007767286018885166,0.0017768301350390902,0.0017260635597522592,0.0018783632856127525,0.007665752868311504,0.016042237790638642,0.002284495887907402,0.0015229972586049345,0.0038074931465123365,0.015382272311909839,0.014620773682607372,0.008325718347040309,0.023149558330795003,0.0044166920499543105,0.010508681084374048,0.02776931668189664,0.04508071885470606,0.0016245304091785967,0.005482790130977765,0.0012183978068839476,0.0011676312315971164,0.0027921616407757133,0.0028429282160625444,0.005076657528683115,0.009188750126916438,0.0018275967103259215,0.006447355061427556,0.01187937861711849,0.003401360544217687,0.0017260635597522592,0.0014722306833181034,0.002589095339628389,0.008274951771753478,0.015534572037770332,0.017971367651538228,0.037821098588689206,0.004619758351101635,0.0028936947913493754,0.002690628490202051,0.0035028936947913494,0.0030967610924967004,0.0009645649304497919,0.0010153315057366231,0.0011168646563102854,0.0010153315057366231,0.0010153315057366231,0.0010660980810234541,0.006345821910853894,0.006345821910853894,0.0012691643821707787,0.0009137983551629607,0.0009645649304497919,0.006345821910853894,0.003401360544217687,0.006295055335567063,0.010660980810234541,0.005178190679256778,0.007818052594171997,0.007818052594171997,0.007716519443598335,0.00751345314245101,0.005127424103969947,0.02426642298710529,0.0032490608183571934,0.00659965478728805,0.0034521271195045184,0.006498121636714387,0.057721596101127016,0.006802721088435374,0.007411919991877348,0.006041222459132907,0.011777845466544827,0.019646664636003654,0.02644938572443903,0.006904254239009037,0.07102243882627678,0.0017260635597522592,0.0020306630114732462,0.0020814295867600772,0.0017768301350390902,0.01101634683724236,0.011320946288963346
42,0.0119908929926638,0.006324310650139135,0.006830255502150265,0.004806476094105743,0.00131545661522894,0.00131545661522894,0.0010118897040222615,0.021806223121679735,0.003238047052871237,0.005363015431317986,0.022919301796104224,0.015077156589931697,0.024386541866936503,0.026511510245383254,0.006425499620541361,0.0065772830761447005,0.004806476094105743,0.00591955476853023,0.013761699974702758,0.018365798128004047,0.0020743738932456363,0.0037439919048823677,0.002732102200860106,0.0014672400708322794,0.001214267644826714,0.011737920566658235,0.022767518340500885,0.02054136099165191,0.008601062484189223,0.0021249683784467493,0.0020743738932456363,0.0021755628636478622,0.00855046799898811,0.015684290412345054,0.0025297242600556538,0.0023273463192512015,0.00460409815330129,0.014722995193523906,0.013812294459903871,0.009056412850999241,0.02251454591449532,0.00460409815330129,0.009663546673412599,0.027169238552997722,0.044472552491778394,0.0017202124968378448,0.005717176827725778,0.001366051100430053,0.00131545661522894,0.0030356691120667846,0.003136858082469011,0.004857070579306856,0.009005818365798128,0.001366051100430053,0.006071338224133569,0.011434353655451555,0.0033392360232734632,0.002023779408044523,0.002479129774854541,0.0028838856564634453,0.009410574247407032,0.014824184163926132,0.01710093599797622,0.03617505691879585,0.0043511257272957245,0.0028838856564634453,0.00263091323045788,0.0035416139640779155,0.003086263597267898,0.0011130786744244878,0.0017202124968378448,0.001821401467240071,0.0011130786744244878,0.0017202124968378448,0.001821401467240071,0.006223121679736909,0.006223121679736909,0.0014166455856311662,0.0009612952188211485,0.0011130786744244878,0.006425499620541361,0.003238047052871237,0.006830255502150265,0.010473058436630408,0.004907665064507969,0.007690361750569188,0.007791550720971414,0.00819630660258032,0.008044523146976979,0.004958259549709082,0.023779408044523147,0.003238047052871237,0.006729066531748039,0.0034910194788768025,0.006729066531748039,0.05605868960283329,0.006476094105742474,0.007336200354161397,0.00591955476853023,0.011636731596256009,0.0204907665064508,0.027371616493802174,0.006374905135340248,0.07138881861877056,0.00131545661522894,0.001366051100430053,0.0014166455856311662,0.0012648621300278269,0.010169491525423728,0.010169491525423728
43,0.014010597106174852,0.006928877114326473,0.007845934379457917,0.005298553087426126,0.0009170572651314449,0.0008661096392908091,0.0007642143876095374,0.02037905033625433,0.0034134909313226006,0.006623191359282657,0.02256979824740167,0.016557978398206642,0.02379254126757693,0.026136132056246177,0.007489300998573466,0.0075911962502547385,0.005451395964948033,0.0056551864683105765,0.014316282861218667,0.01737314041165682,0.002088852659466069,0.0037191766863664153,0.0033625433054819643,0.0017322192785816182,0.001171795394334624,0.012635011208477685,0.021499898104748318,0.01941104544528225,0.008457305889545547,0.0021907479111473406,0.0021907479111473406,0.002292643162828612,0.008457305889545547,0.014723863867943754,0.0027511717953943348,0.0034644385571632364,0.005451395964948033,0.014061544732015489,0.013195435092724679,0.00962910128388017,0.020226207458732423,0.0042796005706134095,0.008508253515386184,0.026543713062971267,0.04177705318932138,0.0017322192785816182,0.0060118198491950275,0.0013755858976971674,0.0012736906460158956,0.003158752802119421,0.003158752802119421,0.005196657835744854,0.009781944161402078,0.0009680048909720807,0.005196657835744854,0.013195435092724679,0.0030568575504381496,0.0021398002853067048,0.0038720195638883227,0.003209700427960057,0.011004687181577339,0.014723863867943754,0.016710821275728552,0.03484817607499491,0.004126757693091502,0.0030568575504381496,0.002700224169553699,0.0036172814346851438,0.0030568575504381496,0.0011208477684939882,0.002547381292031791,0.002700224169553699,0.0011208477684939882,0.0024964336661911554,0.002649276543713063,0.005349500713266762,0.005349500713266762,0.0016812716527409822,0.0009680048909720807,0.0013246382718565316,0.006164662726716935,0.002547381292031791,0.00830446301202364,0.011921744446708783,0.005349500713266762,0.007132667617689016,0.00708171999184838,0.009476258406358264,0.009476258406358264,0.005451395964948033,0.022620745873242306,0.0033625433054819643,0.006419400855920114,0.0034644385571632364,0.006979824740167108,0.05471775015284288,0.006266557978398207,0.00794782963113919,0.006317505604238842,0.013195435092724679,0.021041369472182596,0.027970246586509068,0.005451395964948033,0.06735276136132057,0.0009680048909720807,0.0008661096392908091,0.0009170572651314449,0.0008661096392908091,0.009272467902995721,0.008813939270429998
44,0.014342058085335245,0.007068585770629514,0.008144240127029658,0.005429493418019771,0.0007683245402858168,0.0007171029042667623,0.0006146596322286534,0.02120575731188854,0.0035855145213338113,0.006505147774419915,0.023049736208574503,0.017210469702402295,0.02397172565691748,0.026276699277774932,0.007888131946934385,0.007939353582953439,0.005634379962095989,0.005429493418019771,0.013778620089125646,0.017773907698611893,0.002048865440762178,0.0038416227014290835,0.0035855145213338113,0.0016903139886287968,0.0011780976284382523,0.01301029554883983,0.022178968396250578,0.019976438047431235,0.008758899759258311,0.0021000870767812325,0.0021000870767812325,0.0022025303488193413,0.008758899759258311,0.01475183117348768,0.0025610818009527223,0.003431849613276648,0.005275828509962608,0.014137171541259028,0.013112738820877939,0.009834554115658454,0.019976438047431235,0.00414895251754341,0.008041796854991548,0.02602059109767966,0.040157762638938686,0.0016390923526097424,0.00599293141422937,0.0013317625364954156,0.0012805409004763612,0.003175741433181376,0.0032781847052194848,0.005480715054038826,0.010295548839829945,0.0008195461763048712,0.005019720329867336,0.01347129027301132,0.0029196332530861038,0.0019976438047431236,0.0038416227014290835,0.002970854889105158,0.010807765200020488,0.014546944629411463,0.016442145162116478,0.0333965066844235,0.004251395789581519,0.0031245197971623215,0.0028171899810479945,0.00368795779337192,0.0031245197971623215,0.0010756543564001434,0.0026123034369717768,0.002663525072990831,0.0010756543564001434,0.002509860164933668,0.002663525072990831,0.0052246068739435535,0.0052246068739435535,0.00184397889668596,0.00092198944834298,0.0012293192644573067,0.006044153050248425,0.002048865440762178,0.009015007939353583,0.012498079188649286,0.005429493418019771,0.007068585770629514,0.006966142498591405,0.009988219023715618,0.010090662295753726,0.005583158326076935,0.022435076576345848,0.003534292885314757,0.006505147774419915,0.0035855145213338113,0.007068585770629514,0.05388516109204528,0.0065563694104389695,0.007990575218972494,0.006402704502381806,0.01336884700097321,0.021154535675869487,0.027915791630384674,0.0052246068739435535,0.06653690518875173,0.0008195461763048712,0.0007171029042667623,0.0007683245402858168,0.0007683245402858168,0.008912564667315473,0.008144240127029658
45,0.015050339017875489,0.007088555578385042,0.008013149784261353,0.005444832545716047,0.0008218615163344976,0.0008218615163344976,0.0007191288267926854,0.021368399424696937,0.003544277789192521,0.006215327717279638,0.023114855146907747,0.017310458187795356,0.02424491473186768,0.026607766591329362,0.007550852681323197,0.007653585370865009,0.005444832545716047,0.005855763303883296,0.013920279432915553,0.017567289911649887,0.002003287446065338,0.0038011095130470515,0.003544277789192521,0.0015923566878980893,0.0011300595849599343,0.012738853503184714,0.02239572632011506,0.019981508115882472,0.008475446887199508,0.001951921101294432,0.002054653790836244,0.002054653790836244,0.00857817957674132,0.014639408259708239,0.002465584549003493,0.0031847133757961785,0.004982535442777892,0.014125744811999179,0.013098417916581057,0.009656872816930347,0.019878775426340662,0.004109307581672488,0.008013149784261353,0.026196835833162114,0.04129854119580851,0.001540990343127183,0.005753030614341483,0.0012841586192726526,0.0011814259297308403,0.003133347031025272,0.0031847133757961785,0.005239367166632422,0.010067803575097596,0.0008732278611054037,0.004982535442777892,0.013252516950893774,0.00303061434148346,0.0019005547565235257,0.003544277789192521,0.002927881651941648,0.010632833367577563,0.014639408259708239,0.016642695705773577,0.032823094308609,0.0042120402712143,0.00303061434148346,0.0027224162728580236,0.003595644133963427,0.00303061434148346,0.001027326895418122,0.0023628518594616807,0.0024142182042325867,0.001027326895418122,0.0023114855146907747,0.002465584549003493,0.005188000821861516,0.005239367166632422,0.0017464557222108075,0.0008732278611054037,0.0011300595849599343,0.006163961372508732,0.002465584549003493,0.008680912266283132,0.012225190055475652,0.005393466200945141,0.007037189233614136,0.006934456544072324,0.009810971851243066,0.009810971851243066,0.005496198890486953,0.02265255804396959,0.003492911444421615,0.006420793096363263,0.003544277789192521,0.00698582288884323,0.053934662009451406,0.006677624820217793,0.00816724881857407,0.006472159441134169,0.014588041914937334,0.02111156770084241,0.02794329155537292,0.005444832545716047,0.06841997123484693,0.0008732278611054037,0.0008218615163344976,0.0008218615163344976,0.0008218615163344976,0.009040476679679475,0.0084240805424286
46,0.015502273666804465,0.007234394377842084,0.007647788342290202,0.005167424555601488,0.0009818106655642828,0.0009301364200082679,0.0007751136833402232,0.023098387763538654,0.0033588259611409673,0.0045473336089293095,0.024235221165770978,0.01586399338569657,0.025475403059115338,0.028214138073584125,0.0071827201322860685,0.0073894171145101285,0.005270773046713518,0.005890863993385696,0.014572137246796197,0.018447705663497314,0.0016535758577924762,0.003875568416701116,0.0027904092600248035,0.001291856138900372,0.0009818106655642828,0.011678379495659363,0.023976849937990905,0.0211864406779661,0.008112856552294337,0.0016019016122364614,0.0016535758577924762,0.0017052501033484912,0.008319553534518395,0.01565729640347251,0.002066969822240595,0.002066969822240595,0.0037205456800330715,0.015088879702356346,0.013952046300124019,0.009042992972302604,0.020101281521289788,0.004030591153369161,0.008164530797850351,0.026560562215791648,0.042424555601488216,0.001291856138900372,0.0054257957833815625,0.0010851591566763126,0.0009818106655642828,0.002997106242248863,0.003048780487804878,0.005012401818933443,0.009869780901198843,0.0010334849111202976,0.005270773046713518,0.01291856138900372,0.0031521289789169077,0.0015502273666804464,0.0022219925589086397,0.0023253410500206698,0.009456386936750723,0.01524390243902439,0.017620917734601074,0.033484911120297646,0.004495659363373295,0.0028937577511368336,0.002635386523356759,0.003617197188921042,0.0031004547333608927,0.000878462174452253,0.0015502273666804464,0.0015502273666804464,0.000878462174452253,0.0014468788755684168,0.0015502273666804464,0.005477470028937578,0.0055291442744935925,0.0013952046300124018,0.0007751136833402232,0.000878462174452253,0.0063042579578338155,0.0027904092600248035,0.00826787928896238,0.011833402232327409,0.005064076064489459,0.007337742868954113,0.0071827201322860685,0.009766432410086812,0.009559735427862754,0.005374121537825548,0.022840016535758578,0.0033071517155849523,0.006355932203389831,0.003617197188921042,0.00645928069450186,0.054412980570483674,0.006872674658949979,0.008319553534518395,0.006355932203389831,0.014572137246796197,0.02149648615130219,0.02805911533691608,0.005942538238941712,0.06996692848284415,0.0010334849111202976,0.0009818106655642828,0.0009818106655642828,0.0009301364200082679,0.009198015708970648,0.0086812732534105
47,0.013897629536396056,0.006607929515418502,0.007342143906020558,0.005087056849171386,0.0012062093559890917,0.0011537654709460876,0.0008915460457310678,0.022131319488147682,0.003251520872666247,0.004982169079085379,0.023809523809523808,0.016257604363331235,0.025382840360813928,0.02774281518774911,0.0069750367107195305,0.007289700020977554,0.005139500734214391,0.005873715124816446,0.013478078456052024,0.01762114537444934,0.0017830920914621356,0.003723515838053283,0.002884413677365219,0.0014684287812041115,0.0009439899307740718,0.011327879169288861,0.022288651143276696,0.0197713446612125,0.007656807216278582,0.0016782043213761275,0.0017306482064191316,0.0017830920914621356,0.007709251101321586,0.015103838892385148,0.0021501992867631633,0.0024124187119781834,0.004143066918397315,0.0144745122718691,0.013530522341095029,0.008705684917138662,0.02134466121250262,0.004247954688483323,0.008915460457310677,0.025802391441157962,0.04352842458569331,0.0014159848961611077,0.0054541640444724145,0.0011013215859030838,0.0010488777008600798,0.0028319697923222154,0.0029893014474512273,0.005087056849171386,0.009807006503041745,0.0012062093559890917,0.005768827354730438,0.012586532410320957,0.003513740297881267,0.0016257604363331235,0.0025697503671071953,0.0024648625970211872,0.009702118732955737,0.01473673169708412,0.016886930983847283,0.033931193622823576,0.004143066918397315,0.0028319697923222154,0.0025173064820641915,0.003513740297881267,0.0029893014474512273,0.0008915460457310678,0.0017306482064191316,0.0018355359765051395,0.0008915460457310678,0.0017306482064191316,0.0018355359765051395,0.006031046779945458,0.006083490664988462,0.0014159848961611077,0.0007866582756450598,0.0009964338158170757,0.0069750367107195305,0.003094189217537235,0.007919026641493602,0.01159009859450388,0.005087056849171386,0.007814138871407594,0.007656807216278582,0.00933501153765471,0.009282567652611706,0.005296832389343403,0.02354730438430879,0.003251520872666247,0.006503041745332494,0.003461296412838263,0.006555485630375498,0.054961191525068176,0.00671281728550451,0.007919026641493602,0.006345710090203482,0.013845185651353053,0.021397105097545627,0.027952590727921126,0.006555485630375498,0.07300188797986155,0.0012062093559890917,0.0012062093559890917,0.0012062093559890917,0.0011537654709460876,0.009649674847912734,0.00933501153765471
48,0.013540674918015444,0.006505871152015234,0.007140590288797207,0.004919073310060298,0.0012694382735639479,0.0012165450121654502,0.000952078705172961,0.02168623717338411,0.0031735956839098697,0.004760393525864805,0.02337882153813604,0.015656405373955358,0.02512429916428647,0.02755738918861737,0.00682323072040622,0.00708769702739871,0.005024859832857294,0.005712472231037766,0.01338199513381995,0.017772135829895272,0.0016925843647519305,0.003702528297894848,0.002803342854120385,0.0014281180577594415,0.000952078705172961,0.010843118586692055,0.022056490003173595,0.019676293240241192,0.007616629641383688,0.0016925843647519305,0.0016925843647519305,0.0017454776261504284,0.007616629641383688,0.015656405373955358,0.002115730455939913,0.002168623717338411,0.0038612080820903416,0.014810113191579393,0.013910927747804929,0.00851581508515815,0.021844916957579605,0.00439014069607532,0.009203427483338623,0.025759018301068443,0.04400719348355019,0.0013752247963609435,0.005448005924045277,0.0011107584893684545,0.0010578652279699566,0.002856236115518883,0.0029620226383158784,0.004866180048661801,0.009626573574526604,0.0012694382735639479,0.005976938538030255,0.012271236644451497,0.003490955252300857,0.0015867978419549348,0.0023801967629324024,0.0024330900243309003,0.009467893790331111,0.014968792975774886,0.0170316301703163,0.034803766000211574,0.00439014069607532,0.002856236115518883,0.0025917698085263937,0.0035967417750978527,0.0030149158997143763,0.0008991854437744632,0.0015867978419549348,0.0016396911033534328,0.0008991854437744632,0.0015867978419549348,0.0016925843647519305,0.006294298106421242,0.006347191367819739,0.0013752247963609435,0.0007933989209774674,0.0010049719665714588,0.007140590288797207,0.0031735956839098697,0.007722416164180683,0.01147783772347403,0.0049719665714587965,0.008092668993970167,0.007986882471173172,0.009150534221940124,0.00904474769914313,0.005183539617052787,0.02417222045911351,0.0032264889453083676,0.006558764413413731,0.003438061990902359,0.006452977890616735,0.05511477837723474,0.006770337459007722,0.007986882471173172,0.006241404845022744,0.013752247963609436,0.021527557389188618,0.02776896223421136,0.006400084629218238,0.07383899291230298,0.0012694382735639479,0.0013223315349624458,0.0013223315349624458,0.0012165450121654502,0.009891039881519095,0.0097852533587221
49,0.012867058195408435,0.006406833956219968,0.007047517351841965,0.005072076882007475,0.0014415376401494928,0.001388147357180993,0.0010678056593699946,0.021409503470368393,0.003150026695141484,0.004751735184196477,0.023011211959423385,0.015323011211959423,0.024719701014415375,0.026908702616123867,0.006673785371062467,0.006994127068873465,0.0049652963160704755,0.005712760277629471,0.012973838761345434,0.01772557394554191,0.0017618793379604912,0.003630539241857982,0.002776294714361986,0.001388147357180993,0.0009610250934329952,0.010624666310731447,0.02189001601708489,0.019540843566470904,0.007207688200747464,0.0017084890549919915,0.0017618793379604912,0.001815269620928991,0.0073144687666844635,0.015589962626801922,0.002189001601708489,0.002135611318739989,0.00400427122263748,0.014949279231179925,0.01414842498665243,0.008222103577148959,0.02231713828083289,0.0044313934863854775,0.009770421783235452,0.02589428723972237,0.04404698344901228,0.0014415376401494928,0.005445808862786973,0.0011211959423384943,0.0010678056593699946,0.002829684997330486,0.0028830752802989855,0.005072076882007475,0.009770421783235452,0.0014415376401494928,0.006193272824345969,0.012546716497597437,0.003577148958889482,0.001601708489054992,0.0022957821676454883,0.0025093432995194876,0.009503470368392953,0.015109450080085424,0.017084890549919914,0.03587827015483182,0.004378003203416978,0.002776294714361986,0.0025627335824879873,0.0034703683929524828,0.002989855846235985,0.0009076348104644955,0.0014949279231179925,0.0015483182060864922,0.0009076348104644955,0.0015483182060864922,0.001601708489054992,0.006513614522156967,0.006513614522156967,0.001388147357180993,0.000800854244527496,0.0010678056593699946,0.007154297917778964,0.003416978109983983,0.007528029898558462,0.011532301121195942,0.005125467164975975,0.008275493860117458,0.008168713294180459,0.008809396689802455,0.008809396689802455,0.005285638013881474,0.024506139882541376,0.003203416978109984,0.006567004805125468,0.003416978109983983,0.006353443673251468,0.055205552589428726,0.006673785371062467,0.00784837159636946,0.0062466631073144685,0.01398825413774693,0.020875600640683396,0.026748531767218368,0.006780565936999466,0.07362520021356113,0.0014415376401494928,0.0014949279231179925,0.0015483182060864922,0.0013347570742124934,0.01025093432995195,0.01025093432995195
50,0.012473118279569893,0.006397849462365592,0.006881720430107527,0.005,0.0015053763440860215,0.0014516129032258066,0.001075268817204301,0.021344086021505376,0.003172043010752688,0.004623655913978494,0.022795698924731184,0.014838709677419355,0.024731182795698924,0.026827956989247313,0.0066129032258064515,0.006881720430107527,0.004946236559139785,0.00564516129032258,0.012849462365591398,0.01801075268817204,0.0017741935483870969,0.0036559139784946237,0.002688172043010753,0.0013978494623655914,0.0009139784946236559,0.010268817204301076,0.02204301075268817,0.01978494623655914,0.007365591397849462,0.0017741935483870969,0.0017741935483870969,0.0018279569892473118,0.007204301075268817,0.015806451612903227,0.0022043010752688173,0.001881720430107527,0.0038172043010752687,0.014838709677419355,0.01424731182795699,0.008010752688172043,0.022634408602150536,0.00456989247311828,0.01,0.02521505376344086,0.044032258064516126,0.0014516129032258066,0.0054301075268817205,0.0011290322580645162,0.001075268817204301,0.002795698924731183,0.002956989247311828,0.005,0.009516129032258064,0.0014516129032258066,0.0064516129032258064,0.012365591397849462,0.0034946236559139786,0.0016666666666666668,0.0020430107526881723,0.0025268817204301074,0.00881720430107527,0.014838709677419355,0.01672043010752688,0.03612903225806452,0.004301075268817204,0.002795698924731183,0.0025806451612903226,0.0035483870967741938,0.003010752688172043,0.0009139784946236559,0.0013440860215053765,0.0013978494623655914,0.0009139784946236559,0.0013440860215053765,0.0014516129032258066,0.0066129032258064515,0.0066129032258064515,0.0012903225806451613,0.0008064516129032258,0.0010215053763440861,0.007258064516129033,0.0034946236559139786,0.007419354838709678,0.011451612903225807,0.005161290322580645,0.00849462365591398,0.008387096774193548,0.008763440860215055,0.008709677419354838,0.00521505376344086,0.025053763440860216,0.0032258064516129032,0.006720430107526882,0.0034946236559139786,0.0064516129032258064,0.05629032258064516,0.006881720430107527,0.007956989247311828,0.006236559139784947,0.013655913978494624,0.020913978494623654,0.026935483870967742,0.006720430107526882,0.07413978494623656,0.0014516129032258066,0.0016129032258064516,0.0016129032258064516,0.0014516129032258066,0.010591397849462366,0.01064516129032258
51,0.011397720455908818,0.006271472978131646,0.0068713530021268475,0.004908109287233463,0.0016905709767137483,0.0015815018814418933,0.0011452255003544746,0.022359164530730218,0.0032175383105197144,0.003762883786878988,0.022849975459453564,0.014015378742433332,0.024867753721982876,0.027539946556143318,0.0065986802639472104,0.0068713530021268475,0.00496264383486939,0.0056170584065005184,0.012324807765719583,0.018323608005671593,0.001799640071985603,0.00392648742978677,0.002563123738888586,0.0011452255003544746,0.0008180182145389104,0.009816218574466925,0.02317718274526913,0.02045045536347276,0.007253094835578339,0.0017451055243496755,0.0016905709767137483,0.0017451055243496755,0.006980422097398702,0.015978622457326716,0.002126847357801167,0.0009270873098107651,0.0031084692152478595,0.01466979331406446,0.014069913290069258,0.0073621639308501935,0.02295904455472542,0.004471832906146044,0.010470633146098054,0.02421333915035175,0.04362763810874189,0.0014178982385341114,0.005398920215956809,0.0010906909527185471,0.0010906909527185471,0.0029448655723400773,0.0030539346676119322,0.005126247477777172,0.009379942193379506,0.0016360364290778208,0.006925887549762775,0.012379342313355511,0.0035447455963352782,0.0016360364290778208,0.0010906909527185471,0.0025085891912526585,0.0073621639308501935,0.014233516932977041,0.016142226100234497,0.035501990510988714,0.0046354365490538256,0.002781261929432295,0.002563123738888586,0.003653814691607133,0.0031084692152478595,0.0008725527621748377,0.0007089491192670557,0.0007634836669029831,0.0009270873098107651,0.0007089491192670557,0.0007634836669029831,0.0065986802639472104,0.006707749359219065,0.0011997600479904018,0.0007089491192670557,0.0008180182145389104,0.007416698478486121,0.0037083492392430604,0.007471233026122048,0.011452255003544746,0.005235316573049027,0.008725527621748377,0.008616458526476523,0.008725527621748377,0.008725527621748377,0.005344385668320881,0.02628565196051699,0.003326607405791569,0.0071440257403064845,0.0037083492392430604,0.0065986802639472104,0.057261275017723726,0.0076348366690298305,0.007962043954845394,0.006271472978131646,0.013579102361345912,0.02105033538746796,0.027103670175055897,0.0070894911926705564,0.07618476304739052,0.0016360364290778208,0.0017451055243496755,0.0018541746196215302,0.0015269673338059661,0.011015978622457326,0.011343185908272891
52,0.010701086656737824,0.006343427657344586,0.0068398698218324235,0.004798940923382426,0.0016548072149594572,0.0015996469744608086,0.0011583650504716201,0.02360858293342159,0.0033096144299189145,0.0031441337084229686,0.0232776214904297,0.013459098681670252,0.025594351591372938,0.028352363616305366,0.00656406861933918,0.0068398698218324235,0.004798940923382426,0.00540570356886756,0.012135252909702686,0.018699321529041867,0.0016548072149594572,0.004137018037398643,0.002371890341441889,0.0009377240884770258,0.00077224336698108,0.009542721606266203,0.024215345578906724,0.021181532351481052,0.007336311986320261,0.0015996469744608086,0.0016548072149594572,0.0016548072149594572,0.007225991505322963,0.015996469744608086,0.0019306084174527001,0.00044128192398918857,0.002592531303436483,0.014507143251144576,0.013900380605659441,0.007005350543328369,0.023112140768933753,0.004467979480390534,0.010535605935241877,0.023774063654917535,0.042859506867449944,0.0013238457719675658,0.005295383087870263,0.0011032048099729715,0.0010480445694743229,0.0030338132274256714,0.0031992939489216173,0.0050747421258756685,0.009101439682277015,0.0016548072149594572,0.007005350543328369,0.011749131226212146,0.0036405758729108058,0.00154448673396216,0.0005516024049864857,0.0023167301009432402,0.00617794693584864,0.013790060124662143,0.015720668542114843,0.03458547079265266,0.004743780682883778,0.0027580120249324287,0.002592531303436483,0.0038060565944067516,0.003254454189420266,0.0008825638479783771,0.00033096144299189144,0.00033096144299189144,0.0008825638479783771,0.00033096144299189144,0.00038612168349054,0.006784709581333774,0.006784709581333774,0.0010480445694743229,0.0006067626454851344,0.0006619228859837829,0.007612113188813503,0.003916377075404049,0.007446632467317558,0.01119752882122566,0.005185062606872966,0.008935958960781068,0.008880798720282421,0.008880798720282421,0.008770478239285123,0.005129902366374318,0.027138838325335098,0.003364774670417563,0.007336311986320261,0.0038612168349054002,0.00656406861933918,0.0581388934855756,0.008163715593799989,0.008053395112802692,0.006288267416845937,0.013459098681670252,0.021512493794472943,0.027580120249324287,0.007225991505322963,0.07805174030558773,0.0016548072149594572,0.0018202879364554029,0.0018754481769540515,0.00154448673396216,0.011087208340228364,0.011528490264217551
53,0.010452961672473868,0.006304961008793761,0.006858027763951109,0.004811680769868923,0.0016592002654720426,0.0016038935899563077,0.0011614401858304297,0.023837177147281677,0.003318400530944085,0.0031524805043968806,0.023615950445218737,0.013716055527902218,0.02604944416791107,0.028648857917150602,0.0065261877108567,0.006858027763951109,0.004811680769868923,0.005309440849510536,0.011946241911398706,0.018306509595708204,0.0016592002654720426,0.004148000663680106,0.0023228803716608595,0.0009955201592832255,0.0007742934572202865,0.009568054864222112,0.024169017200376085,0.02096123002046347,0.0073004811680769865,0.0016038935899563077,0.0016038935899563077,0.0016592002654720426,0.0070239477904983135,0.01548586914440573,0.0019357336430507162,0.000442453404125878,0.0025994137492395333,0.01410320225651236,0.013439522150323544,0.006913334439466843,0.022731043636966982,0.004313920690227311,0.010508268347989602,0.0233947237431558,0.041977766716442676,0.001327360212377634,0.00536474752502627,0.001106133510314695,0.0010508268347989601,0.003097173828881146,0.0032077871799126153,0.005032907471931862,0.009014988109064764,0.0016592002654720426,0.006968641114982578,0.011669708533820032,0.0035949339085227586,0.0014932802389248383,0.0005530667551573475,0.0023228803716608595,0.006139040982246557,0.013439522150323544,0.01537525579337426,0.03423483214423981,0.004756374094353188,0.0027653337757867374,0.0025441070737237986,0.0038161606105856978,0.00326309385542835,0.0008296001327360213,0.00038714672861014324,0.00038714672861014324,0.000884906808251756,0.00038714672861014324,0.00038714672861014324,0.00663680106188817,0.0066921077374039045,0.0009955201592832255,0.0006083734306730822,0.0007189867817045517,0.0076323212211713955,0.0039267739616171676,0.00757701454565566,0.011227255129694155,0.005254134173994801,0.008959681433549029,0.008904374758033295,0.008904374758033295,0.00884906808251756,0.005198827498479067,0.027321497704772966,0.00337370720645982,0.007466401194624191,0.0039267739616171676,0.006581494386372435,0.059067529450804714,0.008185387976328742,0.008074774625297274,0.006194347657762292,0.013550135501355014,0.022177976881809634,0.028095791161993254,0.007355787843592722,0.07936507936507936,0.0016592002654720426,0.0018251202920192466,0.0018251202920192466,0.001548586914440573,0.01117194845417842,0.011503788507272827
54,0.010730794629099713,0.006328417345366498,0.006768655073739819,0.004842615012106538,0.0017609509134932863,0.0017059211974466211,0.0012106537530266344,0.023827867048206032,0.0033568126788465773,0.0035219018269865726,0.023882896764252697,0.014417785604226283,0.026084085406119305,0.029055690072639227,0.006328417345366498,0.006658595641646489,0.004842615012106538,0.00539291217257319,0.011666299801893022,0.01777459828307286,0.0017059211974466211,0.004072198987453225,0.002586396654193264,0.001100594320933304,0.0007704160246533128,0.009905348888399735,0.024158045344486023,0.020471054369359455,0.007318952234206471,0.0017059211974466211,0.001650891481399956,0.0017059211974466211,0.006933744221879815,0.014747963900506273,0.001981069777679947,0.0007153863086066475,0.00286154523442659,0.013592339863526304,0.012931983270966322,0.006988773937926481,0.022397094430992737,0.004072198987453225,0.010510675764913054,0.023332599603786044,0.04160246533127889,0.0013207131851199648,0.0053378824565265244,0.001100594320933304,0.0010455646048866387,0.003026634382566586,0.0030816640986132513,0.005062733876293198,0.009024873431653093,0.0017059211974466211,0.006768655073739819,0.011831388950033018,0.0036869909751265683,0.0015958617653532908,0.000825445740699978,0.002421307506053269,0.0065485362095531584,0.013262161567246312,0.015188201628879594,0.03345806735637244,0.004622496147919877,0.00275148580233326,0.002531366938146599,0.0036319612590799033,0.003136693814659916,0.0008804754567466431,0.000550297160466652,0.000550297160466652,0.0008804754567466431,0.000550297160466652,0.000550297160466652,0.0065485362095531584,0.0065485362095531584,0.001100594320933304,0.0006053268765133172,0.0007153863086066475,0.007539071098393133,0.003962139555359894,0.007318952234206471,0.011281091789566365,0.005282852740479859,0.008804754567466431,0.008749724851419767,0.008639665419326436,0.008584635703279771,0.005172793308386528,0.027019590578912612,0.0034118423948932422,0.007318952234206471,0.0037970504072198986,0.006658595641646489,0.05926700418225842,0.00814439797490645,0.00814439797490645,0.006328417345366498,0.014362755888179616,0.022287034998899405,0.028285274047985913,0.007539071098393133,0.07995817741580453,0.0017059211974466211,0.001926040061633282,0.001926040061633282,0.001650891481399956,0.011060972925379706,0.01144618093770636
55,0.011186050337226517,0.006415528869879915,0.006525196030048802,0.0049350222075999345,0.0018095081427866426,0.0017546745627021988,0.0012611723419422053,0.023084937215550803,0.003235181224982179,0.003948017766079948,0.02346877227614191,0.014969567363053134,0.02555244831935077,0.028294127323572955,0.00619619454954214,0.006525196030048802,0.004880188627515491,0.0055930251686132585,0.011624718977902068,0.017491912046937546,0.0017546745627021988,0.003783517025826616,0.002741679004222186,0.0012063387618577617,0.0008773372813510994,0.010582880956297636,0.02335910511597302,0.0200690903109064,0.00723803257114657,0.0016450074025333114,0.0015901738224488678,0.0016998409826177552,0.006963864670724351,0.014640565882546471,0.0020288424631244176,0.0012611723419422053,0.0031803476448977355,0.013818062181279817,0.012885891319844273,0.007457366891484345,0.02231726709436859,0.004057684926248835,0.010308713055875418,0.023907440916817457,0.04205735592476833,0.001370839502111093,0.005373690848275484,0.0010966716016888743,0.0010418380216044305,0.0029610133245599607,0.0029610133245599607,0.005099522947853265,0.009102374294017656,0.0018095081427866426,0.006689696770302133,0.011789219718155398,0.003619016285573285,0.001535340242364424,0.001370839502111093,0.0024126775237155234,0.007347699731315458,0.013598727860942041,0.015463069583813127,0.03350331743159511,0.004660854307177715,0.002741679004222186,0.0025223446838844106,0.0035093491254043975,0.0029610133245599607,0.0008773372813510994,0.0009321708614355431,0.0009321708614355431,0.0008773372813510994,0.0008773372813510994,0.0009321708614355431,0.006415528869879915,0.006415528869879915,0.0012611723419422053,0.0006580029610133246,0.0008225037012666557,0.007128365410977683,0.0037286834457421723,0.007073531830893239,0.011405384657564292,0.005428524428359928,0.008773372813510994,0.00871853923342655,0.008225037012666556,0.008225037012666556,0.005099522947853265,0.026539452760870757,0.0033448483851510665,0.0071831989910621265,0.003673849865657729,0.006634863190217689,0.05817842846959478,0.007731534791906564,0.007950869112244338,0.006251028129626583,0.015024400943137577,0.022207599934199705,0.0283489609036574,0.00767670121182212,0.08011186050337227,0.0017546745627021988,0.001974008883039974,0.0020288424631244176,0.0016450074025333114,0.010857048856719856,0.01135055107747985
56,0.011351852862522513,0.006330841019483709,0.006549145882224526,0.0049664356273536,0.0018010151176117448,0.001691862686241336,0.0012006767450744966,0.022812858156415435,0.003274572941112263,0.00447524968618676,0.02352234896032309,0.0161545598428205,0.025432516509305246,0.027888446215139442,0.0062762648037985045,0.006494569666539322,0.00485728319598319,0.005675926431261256,0.011624733940948534,0.017628117666321018,0.0018010151176117448,0.003656606450908694,0.0031108442940566503,0.0012552529607597009,0.0008732194509632703,0.011133547999781696,0.02352234896032309,0.020302352234896032,0.007422365333187797,0.0016372864705561316,0.0016372864705561316,0.001691862686241336,0.007258636686132184,0.01468100201931998,0.0020738961960377667,0.001691862686241336,0.0035474540195382853,0.013862358784041915,0.01304371554876385,0.00796812749003984,0.021939638705452163,0.004093216176390329,0.010096599901762811,0.023958958685804728,0.0422965671560334,0.0013644053921301096,0.005239316705779621,0.0010915243137040878,0.0010369480980188834,0.002783386999945424,0.0028925394313158324,0.005184740490094417,0.00905965180374393,0.0018010151176117448,0.006494569666539322,0.011515581509578127,0.0035474540195382853,0.0015827102548709273,0.0019101675489821535,0.0025105059215194017,0.008241008568465862,0.013644053921301098,0.01555422147028325,0.032309119685641,0.004529825901871965,0.002728810784260219,0.0024559297058341974,0.003383725372482672,0.002837963215630628,0.0008732194509632703,0.0012006767450744966,0.0012552529607597009,0.0009277956666484746,0.0012006767450744966,0.0012552529607597009,0.0062762648037985045,0.006330841019483709,0.001418981607815314,0.000709490803907657,0.0009277956666484746,0.007258636686132184,0.003492877803853081,0.007204060470446979,0.011297276646837308,0.005512197784205643,0.008623042078262293,0.008513889646891884,0.008350160999836272,0.008350160999836272,0.005130164274409213,0.026032854881842492,0.003329149156797468,0.007149484254761774,0.0035474540195382853,0.006603722097909731,0.056158925940075315,0.007476941548873001,0.008022703705725045,0.006330841019483709,0.014735578235005185,0.02215794356819298,0.028434208371991485,0.00758609398024341,0.07913551274354637,0.0017464389019265405,0.0019101675489821535,0.0019101675489821535,0.0016372864705561316,0.01069693827430006,0.011024395568411286
57,0.011772965383161419,0.006426526975211968,0.006534535831938219,0.0050224118377706975,0.0018361505643462765,0.0017821461359831506,0.0012421018523518929,0.02235783334233407,0.0032942701301506725,0.005130420694496949,0.023221904196144085,0.016687368364205864,0.024896041475400983,0.027326240751741643,0.006156504833396338,0.006480531403575093,0.0050224118377706975,0.005778473834854458,0.011448938812982664,0.017335421504563374,0.0019981638494356536,0.0034562834152400495,0.003402278986876924,0.0014041151374412702,0.000972079710536264,0.011664956526435167,0.02289787762596533,0.020035642922719664,0.007560619970837608,0.0018361505643462765,0.0017821461359831506,0.0018361505643462765,0.00729059782902198,0.014635200086407086,0.0022681859912512827,0.0021061727061619053,0.003996327698871307,0.013771129232597074,0.013015067235513312,0.008262677539558243,0.021817789058702814,0.003996327698871307,0.010152832532267645,0.02403197062159097,0.04223146297996436,0.0015121239941675217,0.005292433979586326,0.001188097423988767,0.0011340929956256413,0.0028082302748825404,0.0028082302748825404,0.0052384295512232,0.009234757250094507,0.0017821461359831506,0.00626451369012259,0.0121509963817033,0.003618296700329427,0.001674137279256899,0.002376194847977534,0.002754225846519415,0.008910730679915753,0.013609115947507695,0.015445266511853972,0.03207863044769671,0.004266349840686937,0.002754225846519415,0.0024842037047037857,0.003186261273424421,0.002754225846519415,0.000972079710536264,0.0014581195658043959,0.0015121239941675217,0.0010260841388993898,0.0015121239941675217,0.0015661284225306476,0.006102500405033213,0.006156504833396338,0.0015121239941675217,0.0008100664254468866,0.0010260841388993898,0.007128584543932602,0.0032942701301506725,0.007128584543932602,0.011556947669708917,0.00550845169303883,0.008424690824647621,0.008262677539558243,0.008262677539558243,0.008154668682831993,0.005292433979586326,0.02532807690230599,0.0032942701301506725,0.006966571258843225,0.003348274558513798,0.006588540260301345,0.055192525787114546,0.007020575687206351,0.007938650969379488,0.006372522546848842,0.015121239941675217,0.021979802343792192,0.028298320462277905,0.007560619970837608,0.07809040341307988,0.0017281417076200247,0.001944159421072528,0.001944159421072528,0.001674137279256899,0.010584867959172652,0.010854890100988281
58,0.011761532236309684,0.006312381980037767,0.006528189910979229,0.00507148637712436,0.0017804154302670622,0.0017264634475316967,0.001240895602913407,0.02179660102508767,0.0032371189641219314,0.00566495818721338,0.023091448610736445,0.017318586458052333,0.02438629619638522,0.026975991367682764,0.006312381980037767,0.006582141893714594,0.004963582411653628,0.005718910169948746,0.011545724305368222,0.017048826544375506,0.0019962233612085246,0.003398974912328028,0.0036147828432694902,0.0015106555165902346,0.001025087671971945,0.011923388184515781,0.022390072835176692,0.01942271378473159,0.007553277582951173,0.0018343674130024278,0.0018883193957377933,0.0019422713784731588,0.007499325600215808,0.014243323442136498,0.0023199352576207177,0.002643647154032911,0.004531966549770704,0.013541947666576747,0.012678715942810899,0.008578365254923118,0.021634745076881574,0.004046398705152414,0.010035068788777987,0.02449420016185595,0.042352306447261935,0.0016185594820609657,0.005341246290801187,0.001240895602913407,0.0011869436201780415,0.002859455084974373,0.002859455084974373,0.005287294308065822,0.009333693013218236,0.0017804154302670622,0.005934718100890208,0.011869436201780416,0.0035608308605341245,0.0017804154302670622,0.0030213110331804693,0.002805503102239007,0.00965740490963043,0.013595899649312113,0.015376315079579175,0.032155381710277854,0.00410035068788778,0.002751551119503642,0.00253574318856218,0.003183166981386566,0.002697599136768276,0.001025087671971945,0.0019422713784731588,0.0019962233612085246,0.001025087671971945,0.0019422713784731588,0.00205017534394389,0.005988670083625573,0.006096574049096305,0.0016185594820609657,0.0008632317237658484,0.0011869436201780415,0.007175613703803615,0.0031292149986512003,0.007067709738332884,0.011491772322632857,0.005557054221742649,0.00820070137577556,0.008092797410304829,0.008146749393040194,0.008254653358510925,0.00517939034259509,0.025087671971944968,0.0033450229295926624,0.006851901807391422,0.003398974912328028,0.0066360938764499595,0.05465335851092527,0.006797949824656056,0.007930941462098733,0.006366333962773132,0.015160507148637712,0.02179660102508767,0.02810898300512544,0.007499325600215808,0.07763690315619098,0.0017264634475316967,0.0018883193957377933,0.0018883193957377933,0.0016185594820609657,0.01025087671971945,0.010628540598867009
59,0.011853448275862068,0.006303879310344827,0.00646551724137931,0.0051185344827586205,0.0017780172413793104,0.0017241379310344827,0.0012392241379310346,0.021605603448275862,0.003286637931034483,0.0058728448275862065,0.022790948275862068,0.017456896551724138,0.024191810344827588,0.026724137931034484,0.006196120689655173,0.006573275862068966,0.005010775862068965,0.005765086206896552,0.01136853448275862,0.017079741379310346,0.0021012931034482757,0.0033943965517241378,0.0037176724137931035,0.0015625,0.0010237068965517242,0.01206896551724138,0.022198275862068965,0.019558189655172413,0.007704741379310345,0.0018857758620689656,0.001939655172413793,0.0019935344827586208,0.007543103448275862,0.014385775862068965,0.0023706896551724138,0.0027478448275862067,0.0045797413793103444,0.013631465517241379,0.012877155172413793,0.008674568965517241,0.021767241379310343,0.0039870689655172415,0.009913793103448277,0.024084051724137932,0.0421875,0.0016163793103448276,0.005334051724137931,0.001293103448275862,0.0011853448275862069,0.002855603448275862,0.002855603448275862,0.005280172413793104,0.009375,0.0017241379310344827,0.005980603448275862,0.012122844827586207,0.003663793103448276,0.0017780172413793104,0.003125,0.002855603448275862,0.009806034482758621,0.013631465517241379,0.015247844827586206,0.03195043103448276,0.004094827586206897,0.0028017241379310344,0.0025323275862068964,0.0031788793103448274,0.0026939655172413795,0.0010237068965517242,0.0019935344827586208,0.0021012931034482757,0.0010237068965517242,0.0019935344827586208,0.0021012931034482757,0.005980603448275862,0.00603448275862069,0.0017241379310344827,0.0008620689655172414,0.0011314655172413794,0.007219827586206896,0.003125,0.0071659482758620685,0.01163793103448276,0.005549568965517241,0.008243534482758622,0.008081896551724138,0.008135775862068966,0.008243534482758622,0.005280172413793104,0.025,0.0033943965517241378,0.006896551724137931,0.0033405172413793105,0.006627155172413793,0.05425646551724138,0.006681034482758621,0.007920258620689655,0.0064116379310344826,0.015463362068965517,0.02165948275862069,0.02774784482758621,0.007489224137931035,0.07726293103448276,0.0017241379310344827,0.0018857758620689656,0.0018857758620689656,0.0016163793103448276,0.010237068965517241,0.010560344827586207
60,0.011486157013599176,0.006284878365931625,0.006555778295497643,0.005092918675841144,0.0018421195210489246,0.0017337595492225172,0.0012461396760036843,0.021401094435715445,0.0033049791407054234,0.005851438478625995,0.022593054125805926,0.01733759549222517,0.02411009373137563,0.026710733055209407,0.006284878365931625,0.006555778295497643,0.005092918675841144,0.005743078506799588,0.011161077098119955,0.017229235520398765,0.0021130194506149428,0.0034133391125318307,0.003738419028011053,0.0015170396055697026,0.0010294197323508696,0.012082136858644416,0.022267974210326707,0.019558974914666523,0.0077477379855881235,0.0018962995069621283,0.0019504794928753319,0.0020046594787885355,0.007639378013761716,0.014411876252912174,0.0023839193801809613,0.002708999295660183,0.004551118816709107,0.01359917646421412,0.012840656661429268,0.008668797746112586,0.021726174351194668,0.004117678929403478,0.009969117408029474,0.023893373787722817,0.04171858915316682,0.00162539957739611,0.005363818605407163,0.001300319661916888,0.0012461396760036843,0.002871539253399794,0.002871539253399794,0.005309638619493959,0.009210597605244623,0.0017879395351357208,0.006122338408192014,0.01197377688681801,0.003630059056184645,0.0018421195210489246,0.003088259197052609,0.002871539253399794,0.009589857506637049,0.013490816492387711,0.015170396055697026,0.031912011702876955,0.004117678929403478,0.0028173592674865904,0.002546459337920572,0.0031424391829658125,0.002708999295660183,0.0010294197323508696,0.0020046594787885355,0.002058839464701739,0.0010835997182640732,0.0019504794928753319,0.0021130194506149428,0.005905618464539199,0.0060139784363656065,0.0016795795633093135,0.000812699788698055,0.0011919596900904807,0.007043398168716476,0.0031424391829658125,0.007205938126456087,0.011757056943165195,0.005634718534973181,0.008397897816546568,0.008181177872893753,0.008235357858806957,0.00828953784472016,0.005255458633580755,0.025464593379205723,0.0034133391125318307,0.006989218182803273,0.003359159126618627,0.006555778295497643,0.05412580592729046,0.006718318253237254,0.008018637915154142,0.0064474183236712355,0.015278756027523432,0.021834534323021074,0.027902692745299888,0.0073684780841956985,0.07742319986996804,0.0017337595492225172,0.0018962995069621283,0.0018962995069621283,0.00162539957739611,0.010402557295335103,0.01078181719672753
61,0.011144496039333516,0.0062824364927615405,0.006446326140398798,0.005080579076754985,0.001857416006555586,0.0018027861240098335,0.0013111171810980607,0.021961212783392515,0.003332422835290904,0.00562687790221251,0.022835290904124558,0.01709915323682054,0.02441955749795138,0.026823272329964492,0.006227806610215788,0.00650095602294455,0.004916689429117728,0.0057361376673040155,0.01125375580442502,0.017153783119366293,0.002075935536738596,0.0035509423654739142,0.003714832013111172,0.0014750068287353183,0.0009833378858235455,0.01207320404261131,0.022616771373941545,0.019721387599016663,0.007538923791313849,0.0018027861240098335,0.001857416006555586,0.0019120458891013384,0.007538923791313849,0.014422288992078668,0.0023490849494673584,0.002512974597104616,0.004370390603660202,0.013602840753892379,0.012783392515706092,0.008413001912045888,0.021906582900846763,0.00409724119093144,0.010106528270964218,0.023982518437585358,0.04184649003004644,0.0015842665938268232,0.005353728489483747,0.001256487298552308,0.0012018574160065556,0.002895383774924884,0.0029500136574706366,0.005244468724392243,0.009013930620049166,0.0018027861240098335,0.006227806610215788,0.011581535099699536,0.003660202130565419,0.0017481562414640808,0.002840753892379131,0.002840753892379131,0.009396339797869434,0.013493580988800874,0.01513247746517345,0.031903851406719475,0.004261130838568697,0.002786124009833379,0.0025676044796503687,0.003223163070199399,0.002786124009833379,0.0009833378858235455,0.0018027861240098335,0.001857416006555586,0.001037967768369298,0.0018027861240098335,0.0019120458891013384,0.006009287080032778,0.006118546845124283,0.0016935263589183283,0.0008194482381862879,0.001147227533460803,0.007211144496039334,0.0032777929527451517,0.007211144496039334,0.011417645452062279,0.005572248019666758,0.008413001912045888,0.008303742146954384,0.008139852499317127,0.00819448238186288,0.00518983884184649,0.025621414913957936,0.0033870527178366566,0.007047254848402076,0.0034416826003824093,0.006664845670581808,0.05490303195848129,0.006937995083310571,0.007975962851679869,0.006337066375307293,0.014531548757170172,0.022179732313575527,0.028134389511062553,0.007484293908768096,0.07768369298006009,0.0018027861240098335,0.0019120458891013384,0.001966675771647091,0.0016935263589183283,0.010543567331330238,0.010816716744059
62,0.010173052468623874,0.006358157792889921,0.0064134461215237465,0.004865372919776635,0.0018798031735500636,0.0018245148449162383,0.0012716315585779843,0.02377398131254492,0.003317299718029524,0.004367777962072206,0.02344225134074197,0.01619948028971084,0.02476917122795378,0.027367722673743572,0.006302869464256095,0.006468734450157572,0.00492066124841046,0.00552883286338254,0.011555260684469508,0.018687455078232985,0.0017692265162824127,0.0037043180184663017,0.0032620113893956984,0.0011610549013103333,0.000829324929507381,0.011721125670370985,0.024879747885221428,0.021341294852656605,0.008237960966439984,0.001658649859014762,0.0017692265162824127,0.0017139381876485873,0.008237960966439984,0.01525957870293581,0.0020456681594515397,0.0016033615303809366,0.0034831647039310003,0.014264388787526953,0.013435063858019573,0.008403825952341461,0.02211533145353016,0.004257201304804556,0.01033891745452535,0.023995134627080222,0.04168739978990435,0.001382208215845635,0.005197102891579587,0.0011610549013103333,0.001105766572676508,0.0029855697462265714,0.003040858074860397,0.0053076795488472385,0.00901199756731354,0.0018798031735500636,0.006579311107425222,0.011444684027201857,0.0035384530325648254,0.0016033615303809366,0.0018245148449162383,0.0024326864598883174,0.008182672637806159,0.013545640515287222,0.015536020346104937,0.030574445734505445,0.004533642947973683,0.0027091281030574444,0.0024326864598883174,0.003317299718029524,0.0028197047603250956,0.0009399015867750318,0.0012163432299441587,0.0012716315585779843,0.0009951899154088573,0.0012716315585779843,0.0012716315585779843,0.006358157792889921,0.006302869464256095,0.0014927848731132857,0.0007187482722397302,0.0008846132581412063,0.0072427710510311275,0.0033725880466633495,0.007076906065129651,0.011389395698568032,0.0055841211920163655,0.008735555924144413,0.008680267595510587,0.008072095980538508,0.008072095980538508,0.005086526234311937,0.026372532758334715,0.0033725880466633495,0.007463924365566429,0.003593741361198651,0.006358157792889921,0.05385083208934594,0.007408636036932603,0.007906230994637033,0.00624758113562227,0.013656217172554873,0.02222590811079781,0.028086470945983304,0.007187482722397302,0.07812240835959529,0.0017692265162824127,0.0019903798308177146,0.0020456681594515397,0.0017139381876485873,0.010615359097694477,0.011168242384032731
63,0.01023489932885906,0.006487695749440716,0.006431767337807606,0.0049776286353467565,0.001901565995525727,0.0018456375838926174,0.0012863534675615212,0.024328859060402684,0.0032997762863534678,0.003467561521252796,0.023266219239373602,0.014988814317673379,0.024664429530201343,0.026957494407158836,0.006152125279642058,0.006319910514541387,0.0047539149888143175,0.005480984340044743,0.01174496644295302,0.019798657718120807,0.0016778523489932886,0.003803131991051454,0.0027404921700223714,0.0008948545861297539,0.0007829977628635347,0.011521252796420581,0.026230425055928413,0.022762863534675614,0.008612975391498882,0.0015659955257270694,0.0016778523489932886,0.001621923937360179,0.008501118568232663,0.016442953020134227,0.001901565995525727,0.0007270693512304251,0.0028523489932885905,0.014876957494407159,0.014205816554809843,0.008221476510067114,0.022706935123042504,0.0044742729306487695,0.010514541387024609,0.023993288590604026,0.04222595078299776,0.0013422818791946308,0.005145413870246085,0.0011185682326621924,0.0010626398210290828,0.003076062639821029,0.003076062639821029,0.005145413870246085,0.008948545861297539,0.001901565995525727,0.006991051454138702,0.011465324384787472,0.0035794183445190158,0.0015100671140939597,0.0008389261744966443,0.0022930648769574945,0.0071588366890380315,0.013702460850111857,0.015604026845637584,0.030369127516778522,0.004809843400447427,0.0027404921700223714,0.0024608501118568234,0.003355704697986577,0.0028523489932885905,0.0009507829977628635,0.0005592841163310962,0.0005592841163310962,0.0009507829977628635,0.0006152125279642058,0.0005592841163310962,0.006543624161073826,0.0065995525727069355,0.0013982102908277406,0.0006152125279642058,0.0006711409395973154,0.00727069351230425,0.003635346756152125,0.006935123042505592,0.011185682326621925,0.005425055928411633,0.009116331096196868,0.009116331096196868,0.007997762863534676,0.007885906040268457,0.0049776286353467565,0.027125279642058166,0.003411633109619687,0.0077181208053691275,0.0037472035794183446,0.006319910514541387,0.053243847874720356,0.007829977628635347,0.007941834451901567,0.006208053691275168,0.013590604026845638,0.02197986577181208,0.027684563758389263,0.007214765100671141,0.07813199105145414,0.0017897091722595079,0.0020134228187919465,0.0020134228187919465,0.001733780760626398,0.010961968680089485,0.011297539149888142
64,0.009716371805672563,0.006234203875315923,0.006234203875315923,0.004773939904521202,0.0019095759618084807,0.0017972479640550407,0.0012917719741645606,0.02325189553496209,0.0032575119348497612,0.004493119910137602,0.023027239539455208,0.016062903678741927,0.02437517551249649,0.02662173546756529,0.006065711878685763,0.006234203875315923,0.004717775905644482,0.005391743892165122,0.011738275765234485,0.018477955630440888,0.0017972479640550407,0.0037629879247402416,0.0032575119348497612,0.0012356079752878404,0.0008424599831508003,0.011738275765234485,0.02471215950575681,0.02117382757652345,0.008368435832631284,0.0017410839651783208,0.0017972479640550407,0.0018534119629317607,0.008312271833754563,0.015501263689974726,0.002134231957315361,0.0017410839651783208,0.0035944959281100815,0.014153327716933445,0.013254703734905926,0.008424599831508003,0.02291491154170177,0.004493119910137602,0.010671159786576805,0.02403819151923617,0.0423476551530469,0.0014040999719180005,0.005223251895534962,0.0011794439764111204,0.0011794439764111204,0.003089019938219601,0.0031451839370963213,0.005054759898904802,0.008817747823645044,0.0018534119629317607,0.007020499859590003,0.011345127773097444,0.0036506599269868017,0.0016849199663016006,0.0019095759618084807,0.002527379949452401,0.008199943836001124,0.013310867733782645,0.015164279696714406,0.030834035383319292,0.004493119910137602,0.002639707947205841,0.002415051951698961,0.0033136759337264814,0.002808199943836001,0.0009547879809042403,0.0012917719741645606,0.0013479359730412806,0.0010109519797809603,0.0013479359730412806,0.0013479359730412806,0.006739679865206402,0.006739679865206402,0.0015725919685481606,0.0006739679865206403,0.0008986239820275204,0.007301319853973603,0.0038191519236169614,0.006739679865206402,0.011008143779837125,0.005279415894411682,0.009098567818028643,0.009098567818028643,0.007862959842740803,0.007750631844987363,0.004773939904521202,0.02695871946082561,0.003369839932603201,0.007750631844987363,0.0036506599269868017,0.006571187868576242,0.054366750912664984,0.007469811850603763,0.007862959842740803,0.006178039876439202,0.012468407750631846,0.02252176354956473,0.02796967144060657,0.006852007862959843,0.0777309744453805,0.0017972479640550407,0.0020219039595619206,0.0020219039595619206,0.0017410839651783208,0.010839651783206965,0.011401291771974164
65,0.00979725903273304,0.006739155057197871,0.00707894438781289,0.0052667346245327895,0.0014157888775625778,0.0013591573224600749,0.001075999546947559,0.021803148714463698,0.0033412617510476836,0.005663155510250311,0.02253935893079624,0.017385887416468456,0.023728621587948806,0.02599388379204893,0.006852418167402877,0.006965681277607883,0.005210103069430287,0.005040208404122777,0.010703363914373088,0.017612413636878467,0.0020387359836901123,0.003794314191867709,0.003964208857175218,0.0014157888775625778,0.000962736436742553,0.01217578434703817,0.022822516706308756,0.019764412730773586,0.008268207044965455,0.0020387359836901123,0.0020953675387926154,0.002151999093895118,0.00815494393476045,0.014497678106240797,0.002491788424510137,0.0023218937592026276,0.004417261297995243,0.013308415449088232,0.012628836787858195,0.00872125948578548,0.02253935893079624,0.004700419073507759,0.010137048363348057,0.023671990032846302,0.03890587835541964,0.0015856835428700873,0.005493260844942802,0.0013025257673575717,0.0012458942122550686,0.0030581039755351682,0.003001472420432665,0.005379997734737796,0.009570732812323027,0.001472420432665081,0.007022312832710386,0.0127420998980632,0.003567787971457696,0.001982104428587609,0.0027183146449201497,0.003001472420432665,0.009230943481708007,0.012968626118473213,0.01472420432665081,0.030071355759429153,0.004473892853097746,0.0027183146449201497,0.002491788424510137,0.003284630195945181,0.0027749462000226524,0.001075999546947559,0.0018122097632800997,0.0018688413183826028,0.001075999546947559,0.0017555782081775965,0.0018688413183826028,0.006682523502095367,0.006682523502095367,0.0018122097632800997,0.0007362102163325405,0.0011326311020500622,0.007362102163325405,0.003794314191867709,0.008041680824555442,0.012515573677653189,0.0057764186204553175,0.009570732812323027,0.009400838147015518,0.008834522595990485,0.009061048816400498,0.005323366179635293,0.027579567334919015,0.0033978933061501867,0.008041680824555442,0.0036810510816627025,0.006852418167402877,0.05323366179635293,0.007418733718427908,0.00815494393476045,0.006455997281685355,0.013987994110318269,0.021066938498131158,0.026843357118586476,0.006172839506172839,0.07390417940876656,0.001472420432665081,0.001472420432665081,0.001472420432665081,0.0014157888775625778,0.011213047910295617,0.010533469249065579
66,0.010938663306798007,0.006929729110589314,0.0075024339957619835,0.005383425920623103,0.0009735983047935399,0.0009163278162762728,0.0008017868392417387,0.02153370368249241,0.003321688334001489,0.0056697783632094385,0.022850924918389554,0.017582039974800984,0.024225416642803962,0.026745318137563714,0.007216081553175649,0.0075024339957619835,0.0053261554321058354,0.004524368592864097,0.012141343565660614,0.017753851440352787,0.002004467098104347,0.0037798522421396254,0.0038943932191741596,0.0014890327014489434,0.0009163278162762728,0.012370425519729684,0.02273638394135502,0.0198155890269744,0.008762384743141859,0.002119008075138881,0.002233549052173415,0.002233549052173415,0.008590573277590057,0.0147757860374549,0.0025199014947597503,0.0022908195406906823,0.004352557127312296,0.013573105778592292,0.012885859916385087,0.008876925720176393,0.020846457820285207,0.004524368592864097,0.009048737185728194,0.024053605177252163,0.03854303877212072,0.0015463031899662105,0.00544069640914037,0.0013172212358971422,0.0012599507473798751,0.003149876868449688,0.003149876868449688,0.005097073478036768,0.009506901093866331,0.001030868793310807,0.0064142947139339095,0.013286753336005956,0.0033789588225187563,0.002061737586621614,0.0028062539373460856,0.0029780654028978867,0.009506901093866331,0.013515835290075025,0.015233949945593036,0.030009735983047934,0.004123475173243228,0.0026344424717942845,0.002405360517725216,0.003321688334001489,0.0028062539373460856,0.001088139281828074,0.0019471966095870798,0.0019471966095870798,0.0011454097703453411,0.0018899261210698127,0.002004467098104347,0.006013401294313041,0.006070671782830307,0.0016608441670007445,0.0006299753736899376,0.001088139281828074,0.00698699959910658,0.0035507702880705574,0.008819655231659127,0.012885859916385087,0.005268884943588569,0.009163278162762729,0.008991466697210928,0.009621442070900864,0.009735983047935399,0.0053261554321058354,0.026745318137563714,0.003436229311036023,0.007731515949831052,0.003665311265105091,0.006700647156520245,0.05263157894736842,0.007101540576141115,0.008705114254624592,0.006528835690968444,0.015004867991523967,0.022679113452837754,0.028463432793081726,0.005268884943588569,0.07273352041692915,0.001030868793310807,0.001030868793310807,0.0009735983047935399,0.001030868793310807,0.010423228910142603,0.009220548651279995
67,0.010993438471278923,0.006791757799010015,0.007482445032807644,0.005352826061931622,0.0009209163117301715,0.0008633590422470358,0.0007482445032807644,0.021296189708760217,0.0033958788995050075,0.005698169678830437,0.022677564176355473,0.017267180844940715,0.02405893864395073,0.026706573040174975,0.007309773224358236,0.007309773224358236,0.005295268792448486,0.004547024289167722,0.012144583860941636,0.01749740992287326,0.00201450443190975,0.003856337055370093,0.003856337055370093,0.001438931737078393,0.0009209163117301715,0.012317255669391044,0.022332220559456658,0.01951191435478301,0.008633590422470357,0.0021871762403591574,0.002244733509842293,0.0023022907793254286,0.008518475883504087,0.014561989179233337,0.0025900771267411073,0.0023022907793254286,0.004431909750201451,0.013410843789570623,0.012662599286289858,0.008863819500402902,0.021065960630827673,0.004489467019684586,0.00915160584781858,0.024174053182917002,0.03902382870956602,0.0015540462760446645,0.005525497870381029,0.0013813744675952573,0.0013238171981121215,0.0032232070910556,0.0031656498215724646,0.005007482445032807,0.009496949464717394,0.0009784735812133072,0.0064464141821112,0.013525958328536895,0.003453436168988143,0.0021296189708760217,0.0027627489351905146,0.0030505352826061933,0.009496949464717394,0.013468401059053758,0.015310233682514102,0.030332681017612523,0.004201680672268907,0.002705191665707379,0.0024174053182917004,0.0033958788995050075,0.0028203062046736503,0.0010935881201795787,0.0018993898929434787,0.0019569471624266144,0.0011511453896627143,0.001841832623460343,0.0019569471624266144,0.0061010705652123865,0.0061010705652123865,0.0017267180844940716,0.0006331299643144929,0.0011511453896627143,0.0069644296074594225,0.003510993438471279,0.00874870496143663,0.013065500172671808,0.005237711522965351,0.009266720386784852,0.009266720386784852,0.009496949464717394,0.009727178542649937,0.005295268792448486,0.026994359387590653,0.0033958788995050075,0.007770231380223322,0.003683665246920686,0.006791757799010015,0.05329803154138368,0.007079544146425694,0.008518475883504087,0.006388856912628065,0.015137561874064695,0.022332220559456658,0.028260619316219638,0.005065039714515943,0.07327040405203177,0.0009784735812133072,0.0009784735812133072,0.0008633590422470358,0.0009784735812133072,0.010475423045930701,0.00915160584781858
68,0.010521474156269764,0.006841832921290174,0.007014316104179842,0.005174495486690048,0.0012648766745242338,0.0011498878859311217,0.0009774047030414535,0.022250330592767206,0.003277180474903697,0.005059506698096935,0.023055252112918992,0.01690335192318749,0.024607600758926006,0.027079859713677917,0.006669349738400506,0.006899327315586731,0.005059506698096935,0.005002012303800379,0.011786350830793997,0.01747829586615305,0.0018973150117863509,0.0038521244178692576,0.0036221468406830333,0.00132237106882079,0.0008624159144483413,0.012016328407980222,0.023112746507215547,0.01983556603231185,0.008221698384407521,0.001954809406082907,0.002012303800379463,0.002012303800379463,0.008106709595814408,0.01454608175702869,0.0024147645604553555,0.0018973150117863509,0.00396711320646237,0.013626171448283793,0.012706261139538894,0.008739147933076525,0.021847869832691314,0.004599551543724487,0.009659058241821422,0.02420513999885011,0.03972862645892025,0.001437359857413902,0.0054619674581728285,0.0012073822802276778,0.0011498878859311217,0.0031046972920140284,0.0030472028977174726,0.005002012303800379,0.009314091876042086,0.0012648766745242338,0.006784338526993618,0.01293623871672512,0.003507158052089921,0.0018398206174897948,0.0022422813775656875,0.0028172253205312483,0.008911631115966193,0.013396193871097568,0.015351003277180475,0.029897085034209164,0.004599551543724487,0.002587247743345024,0.0023572701661587997,0.003334674869200253,0.0028172253205312483,0.0009774047030414535,0.0014948542517104581,0.0014948542517104581,0.0009774047030414535,0.001437359857413902,0.0014948542517104581,0.006554360949807394,0.006496866555510837,0.0016673374346001266,0.000689932731558673,0.0009774047030414535,0.006784338526993618,0.0038521244178692576,0.007991720807221296,0.012648766745242339,0.005346978669579716,0.009659058241821422,0.009601563847524867,0.008854136721669638,0.00896912551026275,0.005117001092393492,0.027424826079457253,0.003334674869200253,0.007991720807221296,0.0037371356292761455,0.006669349738400506,0.053814753061576494,0.007474271258552291,0.008394181567297189,0.006324383372621169,0.01454608175702869,0.02259529695854654,0.028402230782498705,0.0056344506410624965,0.07543264531708159,0.0012648766745242338,0.00132237106882079,0.0012648766745242338,0.0012648766745242338,0.010808946127752544,0.010004024607600758
69,0.010496128477201033,0.0066532836248924575,0.006710639518210496,0.004817895038715228,0.0012618296529968455,0.001204473759678807,0.0009750501864066533,0.024204186980212216,0.003097218239174075,0.003728133065672498,0.02414683108689418,0.01605965012905076,0.025523372526527102,0.028047031832520792,0.00619443647834815,0.006481215944938342,0.0044737596788069975,0.005219386291941497,0.012560940636650416,0.018698021221680527,0.001605965012905076,0.00401491253226269,0.0028677946659019216,0.0009750501864066533,0.0007456266131344995,0.011528534556925724,0.024892457700028677,0.02145110410094637,0.008546028104387727,0.0017206767995411529,0.0017780326928591914,0.0017780326928591914,0.008316604531115572,0.015256667622598223,0.0020648121594493835,0.0009176942930886148,0.00292515055921996,0.014338973329509607,0.013249211356466877,0.008373960424433611,0.022598221967307142,0.004932606825351305,0.009807857757384571,0.024605678233438486,0.0423860051620304,0.001204473759678807,0.005276742185259535,0.0010324060797246917,0.0010324060797246917,0.003097218239174075,0.003097218239174075,0.004588471465443074,0.008603383997705764,0.0012618296529968455,0.0071121307714367655,0.011471178663607686,0.0033839977057642675,0.0016633209062231144,0.0010897619730427302,0.002408947519357614,0.007743045597935188,0.013708058503011185,0.01571551476914253,0.029710352738743905,0.004989962718669343,0.0024663034126756523,0.002294235732721537,0.003498709492400344,0.00292515055921996,0.0008603383997705764,0.0007456266131344995,0.0007456266131344995,0.0008603383997705764,0.0006882707198164612,0.0007456266131344995,0.0071121307714367655,0.006997418984800688,0.0014338973329509608,0.0005735589331803843,0.0006882707198164612,0.006997418984800688,0.004072268425580728,0.007284198451390881,0.011012331517063378,0.004760539145397189,0.00986521365070261,0.009922569544020649,0.008431316317751649,0.008201892744479496,0.004531115572125036,0.027645540579294522,0.0031545741324921135,0.008144536851161456,0.0038428448523085746,0.006538571838256381,0.0532836248924577,0.007800401491253227,0.007972469171207341,0.0059076570117579585,0.013363923143102955,0.023229136793805564,0.0292515055921996,0.006309148264984227,0.07920848867221107,0.0012618296529968455,0.0013191855463148838,0.0012618296529968455,0.001204473759678807,0.010782907943791225,0.010381416690564955
70,0.011037401349651149,0.006633878531396546,0.006633878531396546,0.004803843074459567,0.0012009607686148918,0.0011437721605856114,0.000915017728468489,0.02436234702047352,0.0030881848335811506,0.0037744481299325176,0.024305158412444242,0.016241564680315682,0.025906439437264096,0.028594304014640283,0.006119181059133021,0.006405124099279423,0.004517900034313165,0.005204163330664532,0.012924625414617408,0.018414731785428344,0.0016012810248198558,0.0040032025620496394,0.002916619009493309,0.0010293949445270502,0.0008006405124099279,0.011723664646002517,0.024934233100766326,0.021445728010980214,0.008463913988333524,0.001715658240878417,0.0017728468489076976,0.001830035456936978,0.008406725380304243,0.015269358343817912,0.0020016012810248197,0.000915017728468489,0.002916619009493309,0.0141255861832323,0.013039002630675969,0.00817797094818712,0.022074802699302298,0.004918220290518129,0.009607686148919135,0.02436234702047352,0.04249113576575546,0.0011437721605856114,0.0051469747226352515,0.0010865835525563307,0.0009722063364977696,0.0030881848335811506,0.0031453734416104313,0.004460711426283884,0.008635479812421366,0.0012009607686148918,0.006977010179572229,0.01200960768614892,0.003431316481756834,0.0016584696328491365,0.0011437721605856114,0.0024591101452590644,0.007663273475923596,0.013668077318998056,0.015669678600022875,0.029566510351138053,0.004746654466430287,0.0024019215372297837,0.002230355713141942,0.0034885050897861146,0.0029738076175225897,0.0008578291204392085,0.0008006405124099279,0.0007434519043806474,0.0008578291204392085,0.0007434519043806474,0.0007434519043806474,0.0068054443554843875,0.006862632963513668,0.0013725265927027337,0.0005718860802928057,0.0006862632963513668,0.0068054443554843875,0.0040603911700789206,0.007205764611689352,0.01109458995768043,0.0045750886423424455,0.009607686148919135,0.009550497540889855,0.008349536772274962,0.00817797094818712,0.0045750886423424455,0.02722177742193755,0.0031453734416104313,0.008006405124099279,0.0037744481299325176,0.006462312707308704,0.05347134850737733,0.007777650691982157,0.00806359373212856,0.005947615235045179,0.013954020359144458,0.02401921537229784,0.029852453391284457,0.006347935491250143,0.07966373098478784,0.0012581493766441725,0.0012581493766441725,0.0012581493766441725,0.0011437721605856114,0.010465515269358345,0.01012238362118266
71,0.01239645815481291,0.007140816909454442,0.0075978291916595254,0.005427020851185376,0.0009140245644101685,0.000856898029134533,0.0007426449585832619,0.024050271351042558,0.003313339045986861,0.0038274778634675806,0.024221650956869466,0.016566695229934304,0.025821193944587262,0.02890602684947158,0.007255069980005712,0.007483576121108255,0.005198514710082833,0.004912882033704656,0.012624964295915453,0.018566123964581547,0.0016566695229934304,0.0038846043987432162,0.003084832904884319,0.0010282776349614395,0.0007997714938588975,0.011482433590402743,0.02496429591545273,0.021422450728363324,0.00805484147386461,0.0016566695229934304,0.0017709225935447015,0.0017709225935447015,0.008111968009140247,0.015309911453870322,0.002056555269922879,0.0009140245644101685,0.0029705798343330476,0.01456726649528706,0.013538988860325622,0.008283347614967152,0.020451299628677522,0.004398743216223936,0.008797486432447873,0.02439303056269637,0.03941730934018852,0.0012567837760639818,0.005141388174807198,0.0010854041702370752,0.0010282776349614395,0.002913453299057412,0.002913453299057412,0.005198514710082833,0.009825764067409311,0.0009711510996858041,0.006341045415595544,0.013881748071979434,0.003084832904884319,0.001599542987717795,0.001199657240788346,0.002456441016852328,0.008111968009140247,0.014281633818908884,0.0163953156241074,0.029705798343330477,0.004627249357326478,0.0026278206226792345,0.002399314481576692,0.003427592116538132,0.0028563267637817767,0.000856898029134533,0.0007997714938588975,0.0007426449585832619,0.0009140245644101685,0.0007426449585832619,0.0007997714938588975,0.005998286203941731,0.006055412739217367,0.0013139103113396172,0.0005141388174807198,0.0007426449585832619,0.006740931162524993,0.003656098257640674,0.008797486432447873,0.012967723507569267,0.00536989431590974,0.009025992573550414,0.008854612967723507,0.009825764067409311,0.009768637532133676,0.005427020851185376,0.026449585832619252,0.0033704655812624965,0.0075978291916595254,0.0037132247929163096,0.006341045415595544,0.05255641245358469,0.007826335332762068,0.008797486432447873,0.006569551556698086,0.016795201371036846,0.022222222222222223,0.0286203941730934,0.005826906598114824,0.07369323050556983,0.0010282776349614395,0.0009711510996858041,0.0009711510996858041,0.0009711510996858041,0.01033990288489003,0.0094830048557555
72,0.012840355402694181,0.0070507308684436805,0.00762396102034967,0.005445686443106907,0.0008598452278589854,0.0008025222126683863,0.0006878761822871883,0.023846374319289196,0.0033820578962453426,0.004356549154485526,0.024419604471195185,0.01708225852679851,0.02585267985096016,0.02877615362568071,0.007337345944396675,0.007509314989968472,0.005331040412725709,0.004815133276010318,0.012553740326741187,0.01822871883061049,0.0017770134709085698,0.003725995987388937,0.0033247348810547437,0.0012037833190025795,0.0008598452278589854,0.011579249068501003,0.024878188592719976,0.021324161650902836,0.007910576096302666,0.0017196904557179708,0.0017770134709085698,0.0018343364860991687,0.007967899111493265,0.015018629979936944,0.0021209515620521638,0.0013184293493837776,0.0033247348810547437,0.014216107767268558,0.013184293493837776,0.00831183720263686,0.020177701347090855,0.004184580108913729,0.008541129263399255,0.024419604471195185,0.03886500429922614,0.0013757523645743766,0.005216394382344511,0.0010891372886213816,0.0010891372886213816,0.002808827744339352,0.002866150759529951,0.005216394382344511,0.010088850673545428,0.0009171682430495844,0.006190885640584695,0.014330753797649757,0.0031527658354829464,0.0017196904557179708,0.0015477214101461737,0.0026368586987675553,0.008483806248208655,0.014273430782459157,0.016050444253367727,0.030381198051017484,0.0042419031241043275,0.0026941817139581542,0.002407566638005159,0.0033820578962453426,0.002866150759529951,0.0009171682430495844,0.0010318142734307824,0.0010318142734307824,0.0009744912582401834,0.0009744912582401834,0.0010318142734307824,0.0059042705646316996,0.0059042705646316996,0.0013184293493837776,0.0005732301519059903,0.0008598452278589854,0.006649469762109487,0.003725995987388937,0.008713098308971053,0.013069647463456577,0.0053883634279163085,0.008598452278589854,0.008483806248208655,0.009802235597592433,0.009802235597592433,0.005503009458297506,0.025680710805388363,0.0033820578962453426,0.007222699914015477,0.0034967039266265406,0.006420177701347091,0.05365434221840069,0.00762396102034967,0.008770421324161651,0.006649469762109487,0.017426196617942105,0.02189739180280883,0.02826024648896532,0.005789624534250502,0.07302952135282316,0.0009744912582401834,0.0009171682430495844,0.0009171682430495844,0.0009171682430495844,0.010203496703926626,0.009114359415305246
73,0.012813211845102505,0.007004555808656036,0.00734624145785877,0.005353075170842825,0.0009111617312072893,0.0008542141230068337,0.0007403189066059225,0.02369020501138952,0.0033029612756264237,0.0046697038724373575,0.02437357630979499,0.01753986332574032,0.025740318906605924,0.02824601366742597,0.007061503416856492,0.007289293849658315,0.005125284738041002,0.004954441913439636,0.012585421412300683,0.018052391799544418,0.001765375854214123,0.003758542141230068,0.0034738041002277905,0.0013097949886104784,0.0009111617312072893,0.011674259681093395,0.02460136674259681,0.020899772209567197,0.007801822323462415,0.0017084282460136675,0.0018223234624145787,0.0018223234624145787,0.00785876993166287,0.014749430523917995,0.002164009111617312,0.0016514806378132118,0.0035876993166287017,0.013952164009111617,0.013041002277904327,0.008314350797266515,0.020330296127562642,0.004214123006833713,0.008656036446469248,0.024145785876993165,0.03929384965831435,0.001366742596810934,0.005239179954441914,0.001082004555808656,0.0010250569476082006,0.0027904328018223236,0.0028473804100227792,0.005125284738041002,0.009738041002277905,0.0009681093394077448,0.0062072892938496585,0.01406605922551253,0.0033599088838268793,0.0017084282460136675,0.0019362186788154897,0.0026765375854214124,0.008997722095671982,0.01417995444191344,0.016059225512528474,0.030353075170842826,0.004271070615034169,0.002619589977220957,0.0023917995444191343,0.0033599088838268793,0.0029043280182232344,0.0009111617312072893,0.0012528473804100228,0.0013097949886104784,0.0009111617312072893,0.0012528473804100228,0.0013097949886104784,0.00592255125284738,0.005979498861047836,0.001366742596810934,0.0006264236902050114,0.0009681093394077448,0.006719817767653759,0.0036446469248291574,0.008485193621867882,0.012870159453302962,0.005239179954441914,0.008712984054669705,0.008542141230068337,0.009510250569476082,0.00968109339407745,0.005296127562642369,0.025968109339407745,0.0033599088838268793,0.00734624145785877,0.003530751708428246,0.006492027334851936,0.05387243735763098,0.0076309794988610475,0.008656036446469248,0.006548974943052392,0.01714123006833713,0.021697038724373577,0.028018223234624145,0.005808656036446469,0.07351936218678816,0.0010250569476082006,0.0009681093394077448,0.0009681093394077448,0.0009681093394077448,0.010250569476082005,0.00928246013667426
74,0.011900733220530174,0.006824591088550479,0.007050197405527355,0.005132543711223915,0.0011280315848843769,0.001071630005640158,0.0008460236886632825,0.022504230118443318,0.003214890016920474,0.0054145516074450084,0.023801466441060348,0.01787930062041737,0.025155104342921602,0.02718556119571348,0.006711787930062042,0.0069373942470389175,0.005019740552735476,0.005076142131979695,0.012013536379018613,0.0173716864072194,0.0018612521150592216,0.0036097010716300056,0.003722504230118443,0.0015228426395939086,0.0009024252679075014,0.011618725324309081,0.023519458544839257,0.01996615905245347,0.007670614777213762,0.0018048505358150028,0.0018612521150592216,0.0019176536943034405,0.007670614777213762,0.01455160744500846,0.0023124647490129725,0.0023124647490129725,0.004173716864072194,0.013818386914833615,0.012859560067681896,0.008516638465877045,0.02182741116751269,0.004568527918781726,0.00924985899605189,0.024534686971235193,0.04015792442188381,0.0014100394811054709,0.005245346869712352,0.0011280315848843769,0.001071630005640158,0.0027072758037225042,0.002763677382966723,0.0049633389734912575,0.009870276367738297,0.0011280315848843769,0.006598984771573604,0.01359278059785674,0.003496897913141568,0.001748448956570784,0.0026508742244782855,0.002763677382966723,0.00975747320924986,0.013874788494077835,0.015736040609137057,0.030795262267343484,0.004286520022560632,0.0025944726452340667,0.00242526790750141,0.0032712915961646927,0.0028200789622109417,0.0009588268471517203,0.001692047377326565,0.001748448956570784,0.0009588268471517203,0.001692047377326565,0.001748448956570784,0.006598984771573604,0.006711787930062042,0.0015792442188381276,0.0007332205301748449,0.0011280315848843769,0.007050197405527355,0.003722504230118443,0.007896221094190638,0.012464749012972363,0.005132543711223915,0.009137055837563452,0.008967851099830795,0.008967851099830795,0.009080654258319233,0.005188945290468133,0.026283135927805977,0.0033276931754089114,0.007332205301748449,0.003440496333897349,0.006655386350817823,0.05437112239142696,0.0073886068809926675,0.008178228990411731,0.006429780033840948,0.01551043429216018,0.02103778905809363,0.026847151720248166,0.005752961082910322,0.07377326565143824,0.0011844331641285956,0.0012408347433728144,0.0011280315848843769,0.0011844331641285956,0.01065989847715736,0.009644670050761422
75,0.011881410076780811,0.006276971361318164,0.006613237684245923,0.004707728520988623,0.0010648433559379028,0.0010648433559379028,0.000840665807319397,0.021633133441685815,0.003026396906349829,0.006108838199854284,0.023426553830633863,0.01838255898671748,0.02471557473519027,0.026565039511292944,0.006220926974163538,0.0064451045227820435,0.00459563974667937,0.005156083618225634,0.012946253432718713,0.016925404920697194,0.0019055091632572997,0.0036428851650507203,0.003923107100823852,0.001681331614638794,0.0008967101944740235,0.012049543238244689,0.022417754861850585,0.019111136019727623,0.007734125427338452,0.001961553550411926,0.001961553550411926,0.002017597937566553,0.007565992265874573,0.014291318724429748,0.0024659530348035644,0.0029703525191952028,0.004707728520988623,0.013338564142801098,0.012722075884100207,0.008630835621812475,0.0220254441517682,0.004819817295297876,0.009303368267667993,0.024659530348035644,0.04304208933475313,0.0014011096788656616,0.005436305553998767,0.0011208877430925292,0.0011208877430925292,0.0028582637448859496,0.0029703525191952028,0.004315417810906237,0.008911057557585608,0.0011208877430925292,0.006725326458555176,0.012946253432718713,0.003754973939359973,0.0018494647761026733,0.0034187076164322143,0.0029703525191952028,0.010704477946533654,0.013730874852883483,0.015412206467522277,0.03121672364512694,0.004091240262287732,0.002521997421958191,0.002297819873339685,0.003362663229277588,0.0028582637448859496,0.0008967101944740235,0.002185731099030432,0.002297819873339685,0.0009527545816286499,0.002185731099030432,0.0023538642604943117,0.006781370845709802,0.006837415232864429,0.0017373760017934203,0.000728577033010144,0.0012329765174017822,0.0072857703301014405,0.003923107100823852,0.007117637168637561,0.011208877430925293,0.004483550972370117,0.009023146331894862,0.008967101944740234,0.008350613686039343,0.00823852491173009,0.0046516841338339965,0.02594855125259205,0.003138485680659082,0.0073418147172560665,0.0034747520035868407,0.006893459620019055,0.05413887799136916,0.007061592781482934,0.0077901698144930785,0.0059967494255450315,0.014179229950120496,0.022529843636159837,0.028134282351622485,0.005660483102617273,0.07638849969175587,0.0011769321302471558,0.0011769321302471558,0.0011208877430925292,0.0011208877430925292,0.010031945300678137,0.009695678977750378
76,0.011024679612737143,0.006211875314790978,0.006491689518159942,0.004812804297946164,0.001399071016844815,0.0013431081761710224,0.0010632939728020595,0.021209916615367395,0.0030219933963848006,0.006435726677486149,0.022888801835581174,0.01802003469696122,0.02406402148973082,0.02624657227600873,0.006267838155464772,0.006435726677486149,0.004756841457272371,0.00537243270468409,0.012479713470255751,0.016676926520790194,0.002070625104930326,0.003469696121775141,0.0038614360064916893,0.0017908109015613632,0.0010073311321282669,0.011808159382170239,0.021769545022105322,0.018691588785046728,0.007834797694330963,0.0021825507862779114,0.0021825507862779114,0.0022385136269517042,0.007610946331635794,0.01421456153114332,0.002686216352342045,0.003077956237058593,0.005092618501315127,0.013319156080362639,0.012647601992277128,0.00861827746376406,0.02255302479153842,0.004756841457272371,0.010017348480608876,0.024791538418490123,0.043539090044210645,0.0016229223795399855,0.005428395545357882,0.0012871453354972298,0.0012311824948234372,0.00279814203368963,0.0028541048743634225,0.004644915775924786,0.008786165985785438,0.001399071016844815,0.006939392243550282,0.01225586210756058,0.003805473165817897,0.002070625104930326,0.003469696121775141,0.003133919077732386,0.010688902568694387,0.01354300744305781,0.015221892663271588,0.032066707706083164,0.003917398847165482,0.002518327830320667,0.0022944764676254966,0.0031898819184061782,0.002686216352342045,0.0010073311321282669,0.0022385136269517042,0.0023504393082992895,0.0010632939728020595,0.0022944764676254966,0.002406402148973082,0.006771503721528905,0.0068274665622026975,0.0017908109015613632,0.0007834797694330965,0.0012871453354972298,0.0075549834909620014,0.003805473165817897,0.006995355084224076,0.011024679612737143,0.004868767138619956,0.00901001734848061,0.008954054507806817,0.008114611897699927,0.008058649057026135,0.004812804297946164,0.02579886955061839,0.003077956237058593,0.007387094968940623,0.0033018075997537635,0.006715540880855112,0.053724327046840895,0.006547652358833735,0.007666909172309586,0.006043986792769601,0.012871453354972298,0.0219374335441267,0.02792545749622251,0.006043986792769601,0.0763333146790531,0.001399071016844815,0.0015109966981924003,0.0014550338575186077,0.0013431081761710224,0.01052101404667301,0.010465051205999217
77,0.010594992471979033,0.0062454692466402725,0.006412758601460994,0.0049071544080745,0.001617130429933642,0.0015613673116600681,0.001171025483745051,0.020743879997769474,0.0030112083867729882,0.006691574192828863,0.022416773545976692,0.017844197847543635,0.023532035911448167,0.025706797524117548,0.006078179891819551,0.00635699548318742,0.004739865053253778,0.00563207494563096,0.012100596665365526,0.016394356772430715,0.0022305247309429544,0.0033457870964144314,0.003959181397423744,0.0018401829030279373,0.0010594992471979034,0.011766017955724083,0.02169185300842023,0.018569118385100093,0.00780683655830034,0.0022862878492165284,0.0022862878492165284,0.002397814085763676,0.007695310321753192,0.013996542686667038,0.0028439190319522667,0.00317849774159371,0.005297496235989517,0.013104332794289856,0.01243517537500697,0.008643283332403948,0.02297440472871243,0.004739865053253778,0.01053922935370546,0.02487035075001394,0.04349523225338761,0.0017286566664807897,0.00535325935426309,0.0013940779568393465,0.0013383148385657725,0.0028439190319522667,0.0028439190319522667,0.0049071544080745,0.008866335805498244,0.001617130429933642,0.007026152902470306,0.012100596665365526,0.0037918920426030225,0.0021747616126693804,0.003568839569508727,0.0033457870964144314,0.010594992471979033,0.013383148385657725,0.015056041933864941,0.03211955612557854,0.003959181397423744,0.0025093403223108235,0.002342050967490102,0.0031227346233201362,0.002676629677131545,0.0011152623654714772,0.002342050967490102,0.002397814085763676,0.0011152623654714772,0.002342050967490102,0.0025093403223108235,0.006803100429376011,0.006858863547649584,0.0018401829030279373,0.0008922098923771817,0.0013940779568393465,0.007583784085206045,0.0037361289243294485,0.006803100429376011,0.010929571181620476,0.005130206881168795,0.009033625160318965,0.008977862042045391,0.00780683655830034,0.007862599676573915,0.0048513912898009255,0.026264428706853287,0.0031227346233201362,0.007472257848658897,0.003290023978140858,0.006635811074555289,0.0539786984888195,0.006412758601460994,0.007695310321753192,0.0061339430100931245,0.012602464729827692,0.021189984943958066,0.027268164835777618,0.0062454692466402725,0.07539173590587185,0.0015613673116600681,0.0017286566664807897,0.0016728935482072157,0.0015056041933864941,0.010929571181620476,0.011096860536441197
78,0.01051284903771276,0.006174212926910669,0.006341083546556903,0.0049504950495049506,0.001779953276226499,0.0016687061964623428,0.001223717877405718,0.021248192234953833,0.003059294693514295,0.006507954166203137,0.022527533652241628,0.017743909222382913,0.02358438091000111,0.025642451885638,0.006007342307264434,0.006229836466792747,0.004728000889976638,0.00556235398820781,0.012070308154410946,0.01668706196462343,0.002224941595283124,0.0033374123929246855,0.0038936477917454666,0.0018355768161085772,0.0010568472577594838,0.012014684614528868,0.022360663032595395,0.019023250639670707,0.00817666036266548,0.002280565135165202,0.002280565135165202,0.0023918122149293583,0.008009789743019245,0.014128379130047837,0.002781176994103905,0.0031149182333963733,0.005228612748915341,0.013127155412170431,0.012459672933585493,0.00878851930136834,0.02280565135165202,0.00467237735009456,0.010624096117476917,0.02486372232728891,0.043052619868728444,0.001724329736344421,0.005339859828679497,0.0013905884970519524,0.0013349649571698743,0.0028924240738680608,0.0028924240738680608,0.0049504950495049506,0.008955389921014573,0.001724329736344421,0.00700856602514184,0.01223717877405718,0.0038380242518633884,0.0021693180554010457,0.0033930359328067637,0.003281788853042608,0.010345978418066526,0.013238402491934587,0.015018355768161086,0.031761041272666594,0.0038380242518633884,0.0025586828345755923,0.00233618867504728,0.0031149182333963733,0.0026699299143397486,0.00116809433752364,0.002280565135165202,0.0023918122149293583,0.00116809433752364,0.00233618867504728,0.002447435754811436,0.006674824785849371,0.00673044832573145,0.0018355768161085772,0.0008899766381132495,0.0013349649571698743,0.007453554344198465,0.0037267771720992326,0.006674824785849371,0.010957837356769385,0.005228612748915341,0.008844142841250418,0.00878851930136834,0.0077316720436088554,0.0077316720436088554,0.004839247969740794,0.026031816664812548,0.0031705417732784515,0.0073979308043163865,0.0032261653131605296,0.006507954166203137,0.053565468906441205,0.006396707086438981,0.0077316720436088554,0.006174212926910669,0.012515296473467571,0.02130381577483591,0.02708866392257203,0.006396707086438981,0.0754255200800979,0.0016687061964623428,0.0018355768161085772,0.0018355768161085772,0.0016130826565802648,0.010957837356769385,0.01112470797641562
79,0.010440964123070088,0.0061646117960679776,0.006275685882483616,0.004998333888703766,0.0017771853826502276,0.001721648339442408,0.001277351993779851,0.02143729867821837,0.0031100744196378986,0.006497834055314895,0.022548039542374766,0.017771853826502277,0.023436632233699878,0.025547039875597023,0.005942463623236699,0.006220148839275797,0.004720648672664667,0.0057203154504054205,0.011884927246473397,0.016661112962345886,0.002165944685104965,0.003332222592469177,0.003887593024547373,0.0017771853826502276,0.0010552038209485728,0.012273686548928135,0.022381428412751304,0.01921581694990559,0.008330556481172943,0.0022770187715206044,0.0023325558147284237,0.0023880928579362434,0.008219482394757303,0.013939797845162723,0.0027768521603909807,0.0031100744196378986,0.005220482061535044,0.01294013106742197,0.012273686548928135,0.00883038987004332,0.022659113628790403,0.004554037543041209,0.010607575252693546,0.024713984227479727,0.04298567144285238,0.001721648339442408,0.005331556147950683,0.0013884260801954903,0.0013884260801954903,0.00288792624680662,0.002999000333222259,0.004998333888703766,0.00883038987004332,0.0017771853826502276,0.006997667444185272,0.011996001332889037,0.0037765189381317337,0.002165944685104965,0.003498833722092636,0.0032766855492613574,0.01005220482061535,0.013051205153837609,0.014772853493280018,0.03148950349883372,0.0037765189381317337,0.002610241030767522,0.0023325558147284237,0.0031100744196378986,0.002610241030767522,0.0011662779073642118,0.0023880928579362434,0.002443629901144063,0.0011662779073642118,0.0023880928579362434,0.002554703987559702,0.006553371098522715,0.006664445184938354,0.0017771853826502276,0.0008885926913251138,0.0013328890369876708,0.007441963789847829,0.0037209818949239144,0.006608908141730535,0.010829723425524825,0.0052760191047428635,0.00883038987004332,0.00866377874041986,0.007664111962679107,0.007664111962679107,0.004887259802288126,0.026102410307675218,0.0032211485060535377,0.007497500833055648,0.0032766855492613574,0.006553371098522715,0.05348217260913029,0.006386759968899256,0.007775186049094746,0.006109074752860158,0.012773519937798511,0.02143729867821837,0.02726868821503943,0.006719982228146173,0.07591913806508942,0.001721648339442408,0.0018882594690658669,0.0018882594690658669,0.0016661112962345886,0.010940797511940464,0.011218482727979562
80,0.010638297872340425,0.006261081560283688,0.006316489361702127,0.0050421099290780145,0.0017730496453900709,0.0017176418439716313,0.0012743794326241136,0.021775265957446808,0.0031582446808510636,0.006316489361702127,0.022550975177304963,0.01761968085106383,0.02360372340425532,0.025487588652482268,0.006039450354609929,0.006150265957446809,0.004709663120567376,0.005707003546099291,0.01180186170212766,0.016843971631205674,0.002160904255319149,0.003379875886524823,0.0039339539007092195,0.0017730496453900709,0.0010527482269503546,0.012355939716312056,0.022883421985815604,0.01950354609929078,0.008311170212765957,0.002216312056737589,0.002271719858156028,0.0023825354609929078,0.008421985815602837,0.013962765957446808,0.002714982269503546,0.0030474290780141845,0.005097517730496454,0.013076241134751773,0.012300531914893617,0.008865248226950355,0.022550975177304963,0.004432624113475178,0.010472074468085107,0.024656471631205674,0.04299645390070922,0.0017176418439716313,0.005263741134751773,0.001385195035460993,0.001385195035460993,0.002881205673758865,0.0029920212765957447,0.004986702127659575,0.008809840425531915,0.0017730496453900709,0.006815159574468085,0.011857269503546099,0.00387854609929078,0.002160904255319149,0.003379875886524823,0.0032136524822695034,0.010028812056737588,0.013131648936170214,0.014849290780141845,0.03102836879432624,0.0037677304964539005,0.0026041666666666665,0.0023825354609929078,0.0030474290780141845,0.0026041666666666665,0.001163563829787234,0.002271719858156028,0.0023825354609929078,0.001163563829787234,0.002327127659574468,0.0024379432624113476,0.006538120567375886,0.006538120567375886,0.0017730496453900709,0.0008865248226950354,0.0012743794326241136,0.007424645390070922,0.0036015070921985816,0.006704343971631206,0.010859929078014184,0.005319148936170213,0.008754432624113476,0.008699024822695035,0.007646276595744681,0.007646276595744681,0.004820478723404255,0.025986258865248225,0.003269060283687943,0.007424645390070922,0.003269060283687943,0.006482712765957447,0.053634751773049646,0.006482712765957447,0.00775709219858156,0.006150265957446809,0.013242464539007091,0.02127659574468085,0.027039007092198582,0.006759751773049646,0.07629654255319149,0.0017176418439716313,0.0018284574468085107,0.0018284574468085107,0.0016622340425531915,0.011026152482269503,0.011081560283687944
81,0.010975677017263251,0.0062324196128178255,0.0062324196128178255,0.0050741823396392915,0.0017649329877006232,0.0017097788318349788,0.0012685455849098229,0.021841045722795212,0.0031437868843417352,0.006453036236280404,0.02255804974904859,0.017814792344603165,0.02355082455463019,0.02537091169819646,0.006011802989355248,0.006177265456952181,0.004743257404445425,0.005736032210027026,0.011858143511113563,0.01676686338315592,0.0021510120787601346,0.0033092493519386685,0.003971099222326403,0.0017649329877006232,0.001047928961447245,0.012464839225635651,0.022833820528376812,0.019524571176438146,0.00838343169157796,0.002206166234625779,0.0022613203904914237,0.002316474546357068,0.008328277535712317,0.014009155589873697,0.0027025536374165795,0.00319894104020738,0.0051293364955049365,0.012961226628426453,0.012244222602173074,0.00899012740610005,0.02228227896972037,0.004412332469251558,0.010534443770338095,0.02465390767194308,0.04302024157520269,0.0017097788318349788,0.00529479896310187,0.0013788538966411118,0.0013788538966411118,0.0029231702608791574,0.0029231702608791574,0.004963874027908003,0.008769510782637472,0.0017649329877006232,0.006728807015608626,0.011858143511113563,0.0038607909105951134,0.0021510120787601346,0.003474711819535602,0.00319894104020738,0.010148364679278583,0.01307153494015774,0.01467100546026143,0.030776018973029617,0.0036401742871325356,0.0025922453256852903,0.0023716287022227125,0.003033478572610446,0.0025922453256852903,0.001158237273178534,0.0023716287022227125,0.0024819370139540016,0.001158237273178534,0.002426782858088357,0.0025370911698196458,0.006342727924549115,0.006453036236280404,0.0017649329877006232,0.0008824664938503116,0.0012685455849098229,0.007335502730130715,0.0035298659754012464,0.006618498703877337,0.010920522861397606,0.005349953118967514,0.008714356626771827,0.008548894159174893,0.007721581821190227,0.007666427665324582,0.004908719872042358,0.025922453256852905,0.003254095196073024,0.007445811041862004,0.003254095196073024,0.006453036236280404,0.053058297942749987,0.00639788208041476,0.007776735977055871,0.006122111301086537,0.01367823065467983,0.02128950416413877,0.02735646130935966,0.0068942694832055595,0.07660912249738018,0.0017097788318349788,0.0018752412994319121,0.0018752412994319121,0.0016546246759693343,0.010810214549666318,0.011141139484860185
82,0.011097681573453467,0.006208108999011097,0.006153169981320734,0.0049994506098230964,0.001812987583782002,0.0017580485660916383,0.001263597406878365,0.02186572904076475,0.0031864630260410942,0.006263048016701462,0.02263487528842984,0.01752554664322602,0.023568838589166027,0.02543676519063839,0.005988352928249643,0.006208108999011097,0.004834633556752005,0.005768596857488188,0.011702010768047468,0.017031095484012746,0.002142621689924184,0.0032963410614218216,0.0039006702560158224,0.0016481705307109108,0.0010438413361169101,0.01247115701571256,0.02318426546533348,0.019778046368530932,0.008570486759696736,0.002142621689924184,0.002197560707614548,0.0022524997253049114,0.008570486759696736,0.014064388528733106,0.002582133831447094,0.003076584990660367,0.00505438962751346,0.013020547192616196,0.012196461927260741,0.008955059883529282,0.02214042412921657,0.004395121415229096,0.010273596308098012,0.02450280188990221,0.042907372816174044,0.0017031095484012747,0.0052741456982749145,0.0013734754422590925,0.0013734754422590925,0.0028568289198989123,0.0029667069552796396,0.00505438962751346,0.009119876936600374,0.001812987583782002,0.006647621140534007,0.012416217998022195,0.0039006702560158224,0.0020876826722338203,0.0033512800791121854,0.003076584990660367,0.009998901219646193,0.013020547192616196,0.014778595758707835,0.030436215800461488,0.003680914185254368,0.0026370728491374573,0.0024173167783760026,0.0030216459729700035,0.0026370728491374573,0.0011537193714976377,0.0023074387429952753,0.0024173167783760026,0.0012086583891880013,0.0023623777606856388,0.00252719481375673,0.0063729260520821885,0.006427865069772553,0.0017031095484012747,0.0008790242830458192,0.001263597406878365,0.007032194264366553,0.0035160971321832766,0.00653774310515328,0.011262498626524557,0.005384023733655642,0.0086254257773871,0.008515547742006373,0.007636523458960554,0.007636523458960554,0.0049994506098230964,0.025931216349851665,0.0032963410614218216,0.007361828370508736,0.003241402043731458,0.006482804087462916,0.05307109108889133,0.0063729260520821885,0.007691462476650917,0.006153169981320734,0.014394022634875289,0.021096582793099658,0.0270849357213493,0.00697725524667619,0.07674980771343809,0.0017031095484012747,0.0019228656191627293,0.0019228656191627293,0.0017031095484012747,0.010768047467311284,0.01098780353807274
83,0.011762783858846593,0.006153678592822524,0.006208135925502369,0.005064531939225617,0.0017970919784348963,0.0016881773130752056,0.0011980613189565975,0.02172847573925829,0.003212982628110875,0.006153678592822524,0.02254533572945597,0.01742634645755051,0.023416653052333498,0.025431574361487776,0.006044763927462833,0.006153678592822524,0.005010074606545772,0.005826934596743451,0.011708326526166749,0.017099602461471436,0.0021782933071938138,0.003321897293470566,0.0038120132875891738,0.0016337199803953602,0.0010891466535969069,0.012416271851004738,0.022872079725535042,0.019822469095463705,0.008549801230735718,0.0021238359745139684,0.002232750639873659,0.002232750639873659,0.008549801230735718,0.014049991831400098,0.002559494635952731,0.003049610630071339,0.004955617273865926,0.013178674508522573,0.012361814518324892,0.009039917224854326,0.022055219735337365,0.004302129281707782,0.010237978543810923,0.02456025703861025,0.04313020748243751,0.0016881773130752056,0.005173446604585307,0.001415890649675979,0.0013614333169961336,0.0029406959647116484,0.0029951532973914938,0.005010074606545772,0.009421118553613245,0.0017426346457550508,0.0064804225889015955,0.013069759843162882,0.0038120132875891738,0.002069378641834123,0.0033763546261504113,0.0029951532973914938,0.009856777215052006,0.013178674508522573,0.014757937156238087,0.030605020966073083,0.003648641289549638,0.0026684093013124217,0.002396122637913195,0.003049610630071339,0.0026139519686325763,0.0011980613189565975,0.0023416653052333496,0.0024505799705930404,0.0011980613189565975,0.0023416653052333496,0.002505037303272886,0.006317050590862059,0.006371507923541905,0.0016881773130752056,0.0008713173228775254,0.0011980613189565975,0.006807166584980668,0.0034308119588302567,0.006589337254261286,0.011599411860807058,0.005445733267984534,0.008604258563415564,0.008549801230735718,0.007569569242498502,0.007569569242498502,0.005010074606545772,0.025703861024887,0.0032674399607907204,0.0072428252464194305,0.003212982628110875,0.00642596525622175,0.05309589936284921,0.006317050590862059,0.007678483907858193,0.006208135925502369,0.014921309154277624,0.021074987747100146,0.026956379676523444,0.006916081250340358,0.07656700974786255,0.0016881773130752056,0.0018515493111147417,0.0018515493111147417,0.0016337199803953602,0.010619179872569842,0.010837009203289222
84,0.011630434782608695,0.006141304347826087,0.006195652173913043,0.005,0.0017391304347826088,0.0016847826086956522,0.0011956521739130434,0.021956521739130434,0.0032065217391304347,0.00625,0.022717391304347825,0.017554347826086957,0.023641304347826086,0.025706521739130433,0.006032608695652174,0.006141304347826087,0.004891304347826087,0.0058152173913043476,0.01157608695652174,0.017065217391304347,0.0021195652173913045,0.003315217391304348,0.003858695652173913,0.0016304347826086956,0.0010869565217391304,0.012663043478260869,0.02298913043478261,0.019945652173913045,0.008641304347826086,0.0021195652173913045,0.002173913043478261,0.0022282608695652173,0.00858695652173913,0.013967391304347826,0.0025,0.0031521739130434784,0.005,0.013043478260869565,0.012228260869565218,0.009076086956521739,0.021847826086956523,0.004239130434782609,0.01016304347826087,0.02434782608695652,0.042826086956521736,0.0016304347826086956,0.0052173913043478265,0.001358695652173913,0.001358695652173913,0.002934782608695652,0.002989130434782609,0.005,0.009293478260869565,0.0017391304347826088,0.006358695652173913,0.012663043478260869,0.00375,0.0020652173913043477,0.0034782608695652175,0.002989130434782609,0.009891304347826087,0.013097826086956522,0.014673913043478261,0.030217391304347824,0.003641304347826087,0.0026630434782608696,0.002391304347826087,0.003043478260869565,0.0026086956521739132,0.001141304347826087,0.002391304347826087,0.0025543478260869564,0.001141304347826087,0.0024456521739130437,0.0025543478260869564,0.00625,0.006358695652173913,0.0017391304347826088,0.0008695652173913044,0.0011956521739130434,0.006956521739130435,0.0031521739130434784,0.006684782608695652,0.011467391304347827,0.005434782608695652,0.00858695652173913,0.00842391304347826,0.007608695652173913,0.00766304347826087,0.005,0.025760869565217392,0.003315217391304348,0.007282608695652174,0.003315217391304348,0.006467391304347826,0.05320652173913044,0.006358695652173913,0.007717391304347826,0.00625,0.014782608695652174,0.021195652173913043,0.02722826086956522,0.007065217391304348,0.07717391304347826,0.0016847826086956522,0.0018478260869565217,0.0018478260869565217,0.0016304347826086956,0.010597826086956521,0.010706521739130434
85,0.011488024276579604,0.006177522488349409,0.0061233336945919585,0.005039557819442939,0.0017882301939958817,0.0017340414002384307,0.0011921534626639211,0.022271594234312343,0.0032513276254470575,0.0061233336945919585,0.022921859759401756,0.017665546764929013,0.02384306925327842,0.02595643220981901,0.006069144900834507,0.006177522488349409,0.004931180231928037,0.005744012138289802,0.01132545789530725,0.017232036414869405,0.0020591741627831363,0.0033597052129619594,0.003901593150536469,0.0016256638127235287,0.0010837758751490192,0.012788555326758426,0.023355370109461364,0.020104042484014307,0.008778584588707056,0.0020591741627831363,0.0020591741627831363,0.0021675517502980383,0.008778584588707056,0.013818142408149995,0.002438495719085293,0.0031429500379321555,0.004822802644413135,0.01305949929554568,0.012138289801669014,0.009157906145009212,0.021621328709222933,0.004064159531808822,0.010079115638885878,0.02411401322206568,0.0422130703370543,0.0016256638127235287,0.005202124200715292,0.001354719843936274,0.001300531050178823,0.0029803836566598026,0.0029803836566598026,0.005147935406957841,0.009320472526281565,0.0017882301939958817,0.0062317112821068605,0.012571800151728622,0.0036848379755066653,0.0020049853690256854,0.0034138940067194104,0.002872006069144901,0.00964560528882627,0.01305949929554568,0.014739351902026661,0.029749647772840577,0.0036306491817492143,0.002709439687872548,0.0023843069253278422,0.0030345724504172535,0.002601062100357646,0.0011379646689064701,0.0023843069253278422,0.002492684512842744,0.0011379646689064701,0.0023843069253278422,0.002546873306600195,0.006069144900834507,0.0061233336945919585,0.0016798526064809797,0.0008128319063617644,0.0011379646689064701,0.00677359921968137,0.0031429500379321555,0.006665221632166468,0.011596401864094505,0.005527256963259998,0.008561829413677252,0.00845345182616235,0.007640619919800585,0.0076948087135580365,0.00509374661320039,0.025739677034789205,0.0034138940067194104,0.007369675951013331,0.0033055164192045084,0.006394277663379213,0.05305082908854449,0.006448466457136664,0.007803186301072938,0.006177522488349409,0.015443806220873523,0.02140457353419313,0.027365340847512735,0.007207109569740977,0.07765254145442722,0.0016798526064809797,0.0018424189877533326,0.0018424189877533326,0.0016256638127235287,0.010512625988945486,0.01078356995773274
86,0.01141466053556938,0.0061671625642412764,0.0061671625642412764,0.005085204219637544,0.0017311333513659725,0.0016770354341357858,0.0011901541790641061,0.022288341898836894,0.003299972951041385,0.0061671625642412764,0.023045712740059506,0.017852312685961592,0.023803083581282122,0.02618339193941033,0.00611306464701109,0.0062212604814714636,0.004922910467946984,0.005734379226399784,0.011360562618339193,0.016932648093048418,0.002055720854747092,0.0033540708682715716,0.003949147957803625,0.0016229375169055991,0.0010819583446037328,0.012929402218014606,0.023208006491750068,0.01990803354070868,0.008763862591290235,0.002055720854747092,0.002109818771977279,0.002218014606437652,0.008817960508520422,0.013524479307546659,0.002488504192588585,0.0032458750338111983,0.004868812550716798,0.012821206383554233,0.011955639707871247,0.009142548011901543,0.02142277522315391,0.004057343792263998,0.00995401677035434,0.0242899648363538,0.04203408168785502,0.0016229375169055991,0.005139302136867731,0.001352447930754666,0.0012983500135244793,0.0029753854476602653,0.0030294833648904515,0.005139302136867731,0.009250743846361915,0.001785231268596159,0.0062212604814714636,0.0125507167974033,0.003732756288882878,0.001947525020286719,0.003462266702731945,0.002867189613199892,0.009629429266973221,0.012983500135244793,0.014606437652150393,0.029212875304300785,0.0035163646199621317,0.002704895861509332,0.0023803083581282122,0.0030835812821206382,0.0025967000270489585,0.0011360562618339194,0.002434406275358399,0.002542602109818772,0.0011360562618339194,0.002488504192588585,0.0025967000270489585,0.006004868812550717,0.006058966729780903,0.0016229375169055991,0.0008114687584527996,0.0011360562618339194,0.006708141736543143,0.0030835812821206382,0.006708141736543143,0.011685150121720314,0.005572085474709223,0.00854747092236949,0.008439275087909115,0.0076278063294563155,0.007790100081146876,0.005085204219637544,0.025858804436029212,0.0033540708682715716,0.0073573167433053826,0.003299972951041385,0.00643765215039221,0.05312415472004328,0.006383554233162023,0.007790100081146876,0.0061671625642412764,0.01574249391398431,0.021585068974844468,0.027644035704625373,0.007195022991614823,0.07865837165269138,0.0016770354341357858,0.0018393291858263456,0.0018393291858263456,0.0015688395996754124,0.010332702190965647,0.01060319177711658
87,0.009455633313745392,0.005983225599658102,0.006196912228217319,0.004968214114001816,0.0017094930284737432,0.0016560713713339387,0.0011752764570756985,0.021796036113040228,0.0033121427426678774,0.006143490571077515,0.02339868582723436,0.018056520113253913,0.024680805598589668,0.027779261712698327,0.005662695656819275,0.006196912228217319,0.004807949142582403,0.005021635771141621,0.00966931994230461,0.017094930284737433,0.002136866285592179,0.003365564399807682,0.004113467599764944,0.0014958063999145255,0.0010684331427960895,0.01324857097067151,0.021796036113040228,0.019498904856028634,0.008547465142368716,0.0020834446284523746,0.0020834446284523746,0.002136866285592179,0.008173513542390085,0.014263582456327795,0.002350552914151397,0.002777926171269833,0.004594262514023185,0.012928041027832684,0.01228698114215503,0.008440621828089107,0.020193386398846092,0.0038997809712057268,0.009883006570863828,0.021742614455900422,0.037128051712164115,0.0015492280570543297,0.005021635771141621,0.001335541428495112,0.0012821197713553075,0.002884769485549442,0.0028313478284096374,0.004914792456862012,0.008173513542390085,0.0017094930284737432,0.006250333885357124,0.011645921256477376,0.0038463593140659223,0.0019766013141727656,0.0034189860569474864,0.002991612799829051,0.008761151770927934,0.012660932742133662,0.013889630856349163,0.029916127998290507,0.0036326726855067043,0.002671082856990224,0.002350552914151397,0.0029381911426892464,0.002457396228431006,0.001121854799935894,0.002243709599871788,0.002350552914151397,0.001121854799935894,0.002243709599871788,0.002350552914151397,0.00560927399967947,0.005662695656819275,0.0013889630856349165,0.0009081681713766761,0.0011752764570756985,0.007585875313852236,0.0036326726855067043,0.006944815428174582,0.011485656285057962,0.005342165713980448,0.008814573428067738,0.00870773011378813,0.008280356856669694,0.00812009188525028,0.005075057428281425,0.02649714194134302,0.0034189860569474864,0.007479031999572627,0.0033121427426678774,0.006410598856776537,0.052727175596987017,0.006517442171056146,0.00860088679950852,0.006410598856776537,0.017949676798974305,0.025108178855708103,0.03135851274106523,0.008387200170949302,0.08285699022383675,0.0017094930284737432,0.0019231796570329611,0.0019231796570329611,0.0016560713713339387,0.01063090977082109,0.010844596399380308
88,0.010149285790999893,0.005853291805391472,0.006121791429491999,0.004886693158629578,0.001718397594243368,0.0016646976694232628,0.0011813983460423156,0.02207066910106326,0.0033830952636666307,0.006282891203952315,0.023252067447105573,0.01831167436365589,0.02421866609386747,0.0265814627859521,0.005960691655031683,0.006175491354312104,0.004994093008269788,0.005047792933089893,0.010095585866179787,0.01788207496509505,0.00214799699280421,0.0033293953388465257,0.004188594135968209,0.0015572978197830522,0.001073998496402105,0.013424981205026313,0.022876167973364836,0.020405971431639996,0.008914187520137472,0.0020942970679841046,0.0020942970679841046,0.00214799699280421,0.008806787670497262,0.014767479325528944,0.0024164966169047362,0.0029534958651057886,0.0047792933089893675,0.013263881430565998,0.012726882182364944,0.008967887444957577,0.020781870905380733,0.003812694662227473,0.009934486091719472,0.02239286864998389,0.03861024594565567,0.0016109977446031576,0.005047792933089893,0.0013961980453227366,0.0013424981205026312,0.003007195789925894,0.003007195789925894,0.005155192782730104,0.009075287294597787,0.001718397594243368,0.006014391579851788,0.012619482332724734,0.0034904951133068415,0.0019868972183438942,0.003597894962947052,0.0029534958651057886,0.009290086993878208,0.012995381806465471,0.014123080227687681,0.029910858124798625,0.0035441950381269465,0.0027923960906454733,0.0024164966169047362,0.003007195789925894,0.0025238964665449466,0.0011813983460423156,0.0024164966169047362,0.0024701965417248417,0.0011813983460423156,0.0023627966920846313,0.0025238964665449466,0.0056384921061110515,0.005745891955751262,0.0015572978197830522,0.000859198797121684,0.0011813983460423156,0.006873590376973472,0.0028460960154655783,0.006980990226613683,0.011975083234883471,0.005477392331650736,0.008538288046396735,0.008430888196756525,0.007893888948555472,0.007947588873375577,0.005208892707550209,0.026098163462571152,0.003436795188486736,0.0074105896251745245,0.0033293953388465257,0.0064439909784126306,0.052196326925142304,0.006390291053592525,0.008054988723015789,0.006282891203952315,0.016700676619052734,0.022822468048544733,0.02883685962839652,0.007625389324454946,0.08044248738051767,0.0016646976694232628,0.0018257974438835786,0.0018257974438835786,0.0015572978197830522,0.010310385565460208,0.01052518526474063
89,0.01028167505622791,0.005890543000963907,0.006158294955553176,0.00492663596444254,0.0017136125093713183,0.0016600621184534646,0.0011245582092749278,0.02259826496733426,0.0034272250187426367,0.0062118453464710295,0.023347970440184215,0.01836778408482382,0.024365427867623433,0.026560993895255434,0.006104744564635322,0.006265395737388883,0.005033736746278248,0.005194387919031809,0.010335225447145765,0.017992931348398845,0.002142015636714148,0.003373674627824783,0.004176930491592588,0.0014994109456999037,0.0010174574274392203,0.013655349684052694,0.023615722394773483,0.020616900503373673,0.008996465674199422,0.0019813644639605867,0.002088465245796294,0.002142015636714148,0.008996465674199422,0.014405055156902645,0.0023562172003855626,0.003052372282317661,0.004765984791688979,0.013226946556709864,0.012530791474777765,0.008996465674199422,0.020777551676127236,0.0038020777551676125,0.009799721537967227,0.02286601692192353,0.039145335760951055,0.0015529613366177574,0.005087287137196102,0.0013923101638641962,0.0013387597729463425,0.003052372282317661,0.003052372282317661,0.005194387919031809,0.009210667237870836,0.0017136125093713183,0.005997643782799615,0.012744993038449181,0.003587876191496198,0.0019278140730427332,0.003534325800578344,0.0028917211095641,0.009371318410624397,0.012905644211202742,0.014351504765984792,0.029292063832065975,0.0034272250187426367,0.0027846203277283924,0.00246331798222127,0.003052372282317661,0.002516868373139124,0.0011245582092749278,0.0024097675913034165,0.002516868373139124,0.0011781086001927813,0.0024097675913034165,0.0025704187640569775,0.005676341437292492,0.005729891828210346,0.001606511727535611,0.0008032558637678056,0.0011245582092749278,0.00680089964656742,0.0028917211095641,0.006908000428403127,0.012048837956517082,0.005515690264538931,0.008407411374103032,0.008353860983185177,0.007871907464924494,0.007925457855842347,0.005140837528113955,0.025971939595159043,0.0034807754096604906,0.007336403555745957,0.003373674627824783,0.006533147691978151,0.05242583270857877,0.0064795973010602975,0.007925457855842347,0.006265395737388883,0.01606511727535611,0.022330513012744992,0.028542358359216022,0.007443504337581664,0.07941522973117704,0.0016600621184534646,0.0018207132912070258,0.0018207132912070258,0.0015529613366177574,0.010121023883474349,0.010388775838063618
90,0.008773329079598022,0.005955229435848354,0.006167916201414367,0.0049449672994097945,0.0017014941245281012,0.001648322433136598,0.0011697772106130696,0.021694050087733292,0.0034561599404477057,0.006380602966980379,0.023608230977827403,0.018397405221460095,0.024778008188440476,0.02791513798053916,0.005689370978890838,0.006167916201414367,0.004838623916626788,0.004572765459669272,0.009145530919338543,0.017280799702238527,0.0021800393470516296,0.0034029882490562023,0.004306907002711757,0.0014888073589620885,0.0010634338278300633,0.013665124687616314,0.021959908544690807,0.01962035412346467,0.008773329079598022,0.0021268676556601266,0.0021268676556601266,0.0021268676556601266,0.00824161216568299,0.014250013292922848,0.002392726112617642,0.0027649279523581645,0.004572765459669272,0.012920721008135268,0.012282660711437231,0.008454298931249002,0.019779869197639178,0.003828361780188228,0.009783591216036582,0.02121550486520976,0.03509331631839209,0.0015419790503535917,0.004998138990801297,0.0013824639761790822,0.001329292284787579,0.002977614717924177,0.002871271335141171,0.0049449672994097945,0.008082097091508481,0.0017014941245281012,0.0061147445100228634,0.011750943797522199,0.0037220183974052213,0.0020205242728771203,0.003615675014622215,0.0030307864093156805,0.008560642314032009,0.012495347477003243,0.013558781304833307,0.02945711703089275,0.003562503323230712,0.002658584569575158,0.002392726112617642,0.002924443026532674,0.0024458978040091455,0.0011166055192215665,0.0023395544212261392,0.0024458978040091455,0.0011166055192215665,0.002286382729834636,0.0024458978040091455,0.005423512521933323,0.005476684213324826,0.0013824639761790822,0.0009039187536555537,0.0012229489020045728,0.007550380177593449,0.003562503323230712,0.007125006646461424,0.011750943797522199,0.00537034083054182,0.008879672462381027,0.008720157388206518,0.0084011272398575,0.008188440474291488,0.0052108257563673105,0.0268517041527091,0.0034561599404477057,0.007603551868984953,0.0033498165576646994,0.006486946349763386,0.05221460094645611,0.006486946349763386,0.008720157388206518,0.0065401180411548895,0.018716435369809114,0.025575583559313022,0.0319030148349019,0.008560642314032009,0.08353272717605147,0.0017014941245281012,0.001914180890094114,0.0018610091987026106,0.001648322433136598,0.01058116658690913,0.010527994895517626
91,0.008949145276244574,0.005894646589143133,0.006108997374202883,0.004930068056374256,0.0017148062804780023,0.0017148062804780023,0.0011789293178286265,0.021059964632120464,0.0034296125609560046,0.006644874336852259,0.023310647875247843,0.018380579818873588,0.024275226408016718,0.027061786613793472,0.0057874711966132576,0.006055409677937946,0.004983655752639194,0.004501366486254756,0.009217083757569262,0.01763035207116446,0.002250683243127378,0.003376024864691067,0.004394191093724881,0.0014468677991533144,0.0010181662290338139,0.013986388725148706,0.02095278923959059,0.01923798295911259,0.009109908365039388,0.0021970955468624404,0.0021970955468624404,0.0021970955468624404,0.008734794491184824,0.014897379561652645,0.0024114463319221905,0.0028937355983066288,0.004822892663844381,0.01345051176249933,0.012914634799849955,0.008788382187449761,0.020684850758265903,0.00396548952360538,0.010020899201543325,0.021703016987299716,0.03585016880124323,0.001607630887948127,0.005037243448904132,0.0013932801028883769,0.0013932801028883769,0.003000910990836504,0.003000910990836504,0.005198006537698944,0.008681206794919887,0.0017683939767429398,0.006162585070467821,0.012164407052140828,0.003590375649750817,0.0020899201543325653,0.0038047264348105674,0.003108086383366379,0.009163496061304325,0.012861047103585016,0.013772037940088955,0.03000910990836504,0.003590375649750817,0.0027865602057767537,0.0024114463319221905,0.0029473232945715663,0.002465034028187128,0.001125341621563689,0.002465034028187128,0.0025722094207170036,0.0011789293178286265,0.0024114463319221905,0.0025722094207170036,0.0057338835003483204,0.0057338835003483204,0.0016612185842130648,0.0008574031402390011,0.0011789293178286265,0.007073575906971759,0.0028937355983066288,0.006966400514441884,0.012057231659610953,0.005358769626493757,0.008841969883714699,0.008734794491184824,0.008145329832270511,0.007984566743475698,0.005251594233963882,0.02625797116981941,0.0034296125609560046,0.007555865173356198,0.003376024864691067,0.006537698944322384,0.0493542682600075,0.006216172766732758,0.008413268313595198,0.006484111248057446,0.017576764374899523,0.025079041851990783,0.03156315310004823,0.008359680617330261,0.08263222764053374,0.0016612185842130648,0.001875569369272815,0.0018219816730078774,0.001607630887948127,0.010449600771662826,0.010610363860457639
92,0.00954372419709399,0.005790574231944668,0.006058656372312477,0.004825478526620556,0.0017157256983539758,0.0016621092702804139,0.0011795614176183583,0.021607420513645382,0.0034314513967079515,0.006594820653048094,0.022894214787410862,0.018551284113452363,0.023859310492734973,0.02621843332797169,0.005897807088091791,0.006058656372312477,0.004986327810841242,0.004825478526620556,0.00959734062516755,0.018283201973084553,0.0022518899790895932,0.0033778349686343894,0.004342930673958501,0.0015012599860597287,0.0010723285614712347,0.013940271299126053,0.022679749075116617,0.02058870838024771,0.00922202562865262,0.0021446571229424695,0.002198273551016031,0.0022518899790895932,0.009061176344431933,0.015173449144817972,0.00246635569138384,0.0030025199721194573,0.00493271138276768,0.013457723446463997,0.01297517559380194,0.009061176344431933,0.020910406948689078,0.003913999249370007,0.00986542276553536,0.02192911908208675,0.03790681464800815,0.0016621092702804139,0.005093560666988365,0.001447643557986167,0.001447643557986167,0.003056136400193019,0.0031097528282665807,0.005147177095061927,0.008900327060211249,0.0017157256983539758,0.006112272800386038,0.0123317784569192,0.0035923006809286365,0.002091040694868908,0.003753149965149322,0.003056136400193019,0.009275642056726182,0.012760709881507694,0.013672189158758244,0.029971583293121013,0.0034314513967079515,0.0027880542598252103,0.0025199721194574015,0.0030025199721194573,0.0025199721194574015,0.0011795614176183583,0.00246635569138384,0.0026272049756045253,0.00123317784569192,0.0025199721194574015,0.0026272049756045253,0.005736957803871106,0.005844190660018229,0.0016621092702804139,0.0008578628491769879,0.0011795614176183583,0.006809286365342341,0.0029489035440458957,0.006809286365342341,0.011902847032330707,0.005415259235429736,0.00863224491984344,0.008471395635622755,0.007827998498740014,0.0077743820706664525,0.005147177095061927,0.02621843332797169,0.0035923006809286365,0.00739906707415152,0.0033778349686343894,0.006594820653048094,0.05088199024181009,0.006380354940753847,0.007988847782960698,0.0063267385126802855,0.01662109270280414,0.023323146211999355,0.029381802584311834,0.007667149214519328,0.08053187496648974,0.0016621092702804139,0.001822958554501099,0.001822958554501099,0.0016084928422068522,0.010294354190123855,0.010562436330491663
93,0.0097466930862743,0.005783751941305628,0.0059979649761688,0.004819793284421357,0.0017137042789053714,0.0016601510201895786,0.0011781716917474427,0.022224602367054036,0.0034274085578107428,0.006533497563326728,0.022920794730359344,0.01858298077438012,0.023777646869812027,0.02608043699459112,0.0059979649761688,0.006158624752316179,0.004926899801852943,0.004926899801852943,0.009853799603705886,0.018315214480801156,0.0022492368660633,0.00337385529909495,0.004444920473410807,0.0014994912440422,0.001071065174315857,0.013763187489958764,0.023509880576233065,0.021046430675306593,0.009211160499116371,0.002142130348631714,0.0021956836073475073,0.0022492368660633,0.009104053981684786,0.01483425266427462,0.0024634499009264714,0.0030525357468001928,0.004926899801852943,0.013227654902800836,0.012852782091790286,0.009104053981684786,0.020939324157875007,0.003909387886252879,0.009907352862421679,0.022171049108338243,0.038344133240507686,0.0016601510201895786,0.0051411128367161146,0.001445937985326407,0.0013923847266106143,0.0031060890055159855,0.0031596422642317787,0.0051411128367161146,0.008889840946821614,0.0017137042789053714,0.006051518234884592,0.012317249504632357,0.0035345150752423287,0.0020350238312001286,0.003695174851389707,0.0029989824880844,0.009318267016547957,0.012692122315642906,0.013763187489958764,0.02966850532854924,0.0034809618165265355,0.0028383227119370214,0.0024634499009264714,0.0030525357468001928,0.0025705564183580573,0.0011781716917474427,0.002517003159642264,0.00262410967707385,0.0012317249504632357,0.002517003159642264,0.0026776629357896427,0.005730198682589836,0.005730198682589836,0.0016601510201895786,0.0008568521394526857,0.0011781716917474427,0.006908370374337279,0.002891875970652814,0.0068548171156214855,0.01183527017619022,0.005408879130295079,0.008514968135811063,0.008407861618379479,0.007765222513789964,0.007818775772505757,0.005087559578000321,0.0262410967707385,0.0035880683339581214,0.007443902961495207,0.00337385529909495,0.006587050822042521,0.05210732073046645,0.006479944304610936,0.008032988807368928,0.006319284528463557,0.01628019064960103,0.02270658169549617,0.028597440154233385,0.007336796444063621,0.07958014245166818,0.0016601510201895786,0.001820810796336957,0.001820810796336957,0.0016065977614737857,0.010282225673432229,0.010389332190863814
94,0.008275493860117458,0.0058729311265349705,0.006086492258408969,0.004911906033101976,0.0017618793379604912,0.0017084890549919915,0.001227976508275494,0.021249332621462894,0.003416978109983983,0.006673785371062467,0.023224773091297383,0.018579818473037905,0.024559530165509876,0.027549386011745863,0.005552589428723972,0.006086492258408969,0.004805125467164976,0.004538174052322477,0.009076348104644954,0.017138280832888413,0.0022423918846769886,0.003416978109983983,0.004538174052322477,0.0015483182060864922,0.0010144153764014949,0.013774693005872932,0.021409503470368393,0.019273892151628405,0.008969567538707954,0.0022957821676454883,0.0022957821676454883,0.0022957821676454883,0.008435664709022957,0.014415376401494928,0.0025093432995194876,0.002776294714361986,0.004805125467164976,0.012760277629471435,0.012172984516817939,0.008435664709022957,0.0200747463961559,0.00400427122263748,0.009930592632140951,0.020875600640683396,0.035184196476241325,0.001601708489054992,0.0049652963160704755,0.0014415376401494928,0.001388147357180993,0.0030432461292044847,0.0029364655632674853,0.004911906033101976,0.007794981313400961,0.0017618793379604912,0.006353443673251468,0.011478910838227442,0.0037373198077949813,0.002189001601708489,0.0037373198077949813,0.0032568072610784835,0.008542445274959957,0.012172984516817939,0.013027229044313934,0.029578216764548852,0.0034703683929524828,0.0026695141484249867,0.0023491724506139885,0.0029364655632674853,0.002455953016550988,0.0011745862253069942,0.002402562733582488,0.0025093432995194876,0.0011745862253069942,0.002402562733582488,0.0025627335824879873,0.005552589428723972,0.005552589428723972,0.001388147357180993,0.0009076348104644955,0.0012813667912439936,0.007528029898558462,0.0036839295248264816,0.006994127068873465,0.011532301121195942,0.005339028296849973,0.008969567538707954,0.008809396689802455,0.008328884143085958,0.00806193272824346,0.005125467164975975,0.027122263747997866,0.0034703683929524828,0.007794981313400961,0.003416978109983983,0.006567004805125468,0.05146823278163374,0.006460224239188467,0.008756006406833956,0.006567004805125468,0.01793913507741591,0.026107848371596368,0.03240790176187934,0.008489054991991457,0.08366257341163909,0.0017618793379604912,0.0019220501868659904,0.0019220501868659904,0.0016550987720234918,0.010838227442605446,0.010838227442605446
95,0.009453725089971532,0.005801149487027985,0.005854863834130096,0.004780576892087877,0.001772573454369662,0.001718859107267551,0.0011817156362464414,0.021915453617661278,0.003437718214535102,0.006714293387763872,0.022936026212601386,0.018853735832840952,0.023956598807541495,0.026105172691625933,0.005801149487027985,0.005962292528334318,0.00494171993339421,0.004673148197883655,0.009453725089971532,0.01831659236181984,0.0023097169253907717,0.0033302895203308805,0.004512005156577322,0.0015040017188591073,0.0010742869420422194,0.013912015899446743,0.02309716925390772,0.020572594940108505,0.009238867701563087,0.00220228823118655,0.002256002578288661,0.002256002578288661,0.008916581618950422,0.015040017188591073,0.002470859966697105,0.0030080034377182145,0.00494171993339421,0.013213729387119299,0.012891443304506634,0.008916581618950422,0.0210560240640275,0.003921147338454101,0.010044582908094752,0.021593167535048613,0.03760004297147768,0.0016651447601654403,0.004995434280496321,0.0015040017188591073,0.0014502873717569963,0.0030617177848203253,0.0030617177848203253,0.005210291668904765,0.0088091529247462,0.001772573454369662,0.006284578610946984,0.012461728527689746,0.0034914325616372133,0.002094859536982328,0.003813718644249879,0.0031691464790245473,0.009185153354460976,0.012622871568996078,0.013482301122629855,0.02970403394746737,0.0033840038674329913,0.0027394317022076597,0.002470859966697105,0.0029005747435139925,0.002470859966697105,0.0011817156362464414,0.002470859966697105,0.0026320030080034377,0.0012354299833485525,0.0025245743137992157,0.0026857173551055485,0.005747435139925874,0.005801149487027985,0.0016651447601654403,0.0008594295536337755,0.0011817156362464414,0.006929150776172316,0.0030617177848203253,0.006768007734865983,0.011870870709566526,0.005425149057313209,0.008648009883439866,0.008540581189235645,0.00773486598270398,0.00773486598270398,0.005156577321802654,0.026373744427136487,0.003545146908739324,0.007520008594295536,0.0033302895203308805,0.0066068646935596494,0.05113605844120965,0.006392007305151206,0.008057152065316646,0.006284578610946984,0.016597733254552292,0.02331202664231616,0.02927431917065048,0.0076811516356018695,0.08041037761186012,0.001718859107267551,0.001880002148573884,0.001880002148573884,0.0016651447601654403,0.01047429768491164,0.010689155073320083
96,0.009783368273934312,0.005859270010213406,0.005859270010213406,0.004837929366231253,0.0017739074342847927,0.0016663978928129872,0.001182604956189862,0.022146965543191958,0.003386550556361877,0.006773101112723754,0.023007041874966404,0.018867924528301886,0.023813363436004945,0.025909799494705156,0.005751760468741601,0.005859270010213406,0.004837929366231253,0.0049454389077030585,0.009837123044670215,0.018007848196527444,0.002257700370907918,0.0033327957856259744,0.004515400741815836,0.0016126431220770843,0.0010750954147180562,0.013922485620598828,0.023652099123797236,0.02080309627479439,0.009192065795839382,0.002203945600172015,0.002257700370907918,0.002311455141643821,0.009084556254367574,0.014675052410901468,0.0025264742245874323,0.003171531473418266,0.005052948449174865,0.01300865451808848,0.012578616352201259,0.009030801483631673,0.020910605816266192,0.003924098263720905,0.00994463258614202,0.022039456001720154,0.03854217061764231,0.0016663978928129872,0.005052948449174865,0.0015051335806052788,0.001451378809869376,0.003117776702682363,0.003117776702682363,0.005052948449174865,0.00860076331774445,0.0017739074342847927,0.006289308176100629,0.012309842498521744,0.0036015696393054885,0.0020964360587002098,0.003924098263720905,0.003171531473418266,0.009353330108047089,0.012524861581465355,0.013599956996183412,0.02940385959253884,0.003386550556361877,0.0027414933075310434,0.0024189646831156266,0.0029565123904746545,0.0024727194538515292,0.0012363597269257646,0.0026339837660592376,0.0027414933075310434,0.0012363597269257646,0.0026339837660592376,0.002795248078266946,0.005805515239477504,0.005751760468741601,0.0016663978928129872,0.000860076331774445,0.001182604956189862,0.006934365424931463,0.0032252862441541686,0.006611836800516046,0.01166478524969091,0.0053754770735902815,0.00860076331774445,0.008547008547008548,0.007633177444498199,0.007633177444498199,0.0049454389077030585,0.026554856743535988,0.0035478148685695854,0.007525667903026394,0.003386550556361877,0.006611836800516046,0.05208837284308982,0.006396817717572435,0.007955706068913616,0.006235553405364726,0.01607267645003494,0.022630758479815084,0.0286512928022362,0.007310648820082782,0.07982583454281568,0.0016663978928129872,0.0018814169757565985,0.0018814169757565985,0.0016126431220770843,0.010374670752029242,0.010750954147180563
97,0.009075287294597787,0.005745891955751262,0.005799591880571367,0.0048329932338094725,0.0017720975190634732,0.0017720975190634732,0.0012350982708624208,0.02126517022876168,0.0033830952636666307,0.006980990226613683,0.023037267747825153,0.018633873912576523,0.02421866609386747,0.026635162710772205,0.005531092256470841,0.005745891955751262,0.0047792933089893675,0.0047792933089893675,0.009343786918698313,0.017613575340994524,0.002309096767264526,0.0033293953388465257,0.004564493609708947,0.001503597894962947,0.001073998496402105,0.014015680378047471,0.021909569326602943,0.019761572333798733,0.009236387069058103,0.002309096767264526,0.0023627966920846313,0.0023627966920846313,0.008753087745677157,0.014821179250349049,0.002577596391365052,0.0029534958651057886,0.004994093008269788,0.013102781656105681,0.012726882182364944,0.008806787670497262,0.020781870905380733,0.0039737944366877885,0.010095585866179787,0.02158736977768231,0.03699924820105252,0.001718397594243368,0.004994093008269788,0.001503597894962947,0.0014498979701428418,0.0030608957147459995,0.003007195789925894,0.005047792933089893,0.008377188271936419,0.0018257974438835786,0.0064439909784126306,0.012082483084523681,0.003436795188486736,0.0022016969176243155,0.0039737944366877885,0.0033293953388465257,0.009182687144237998,0.012458382558264418,0.013317581355386103,0.02985715819997852,0.003436795188486736,0.002738696165825368,0.0024164966169047362,0.0028997959402856837,0.0024164966169047362,0.0012350982708624208,0.002577596391365052,0.0026312963161851575,0.0012350982708624208,0.0025238964665449466,0.0026849962410052624,0.0056921920309311565,0.005745891955751262,0.0016109977446031576,0.0009128987219417893,0.001288798195682526,0.006927290301793577,0.0033293953388465257,0.006605090752872946,0.011706583610782945,0.00531629255719042,0.008860487595317367,0.008806787670497262,0.007732789174095156,0.007517989474814735,0.005047792933089893,0.026796262485232522,0.0034904951133068415,0.007679089249275051,0.0033293953388465257,0.006605090752872946,0.05085382880463967,0.006229191279132209,0.008323488347116314,0.00633659112877242,0.016432176994952207,0.02443346579314789,0.030931156696380625,0.007893888948555472,0.08151648587691977,0.0017720975190634732,0.001933197293523789,0.001933197293523789,0.0016646976694232628,0.010686285039200945,0.010901084738481366
98,0.009449754306388034,0.005723851179869324,0.005777849775905826,0.004751876451212268,0.0017819536692046008,0.0017279550731680977,0.001187969112803067,0.02192342999082024,0.003401911550299692,0.006803823100599384,0.022949403315513796,0.01873751282466656,0.02375938225606134,0.026081321885630972,0.00566985258383282,0.005723851179869324,0.004697877855175766,0.004913872239321777,0.009773745882607052,0.018143528268265024,0.002321939629569631,0.003347912954263189,0.004481883471029753,0.0015659592850585885,0.001079971920730061,0.013931637777417787,0.023111399103623306,0.02068146228198067,0.009395755710351531,0.002267941033533128,0.002321939629569631,0.002375938225606134,0.009179761326205519,0.014903612506074842,0.0025379340137156436,0.003077919974080674,0.004967870835358281,0.013121658836870241,0.01274366866461472,0.009071764134132512,0.021113451050272694,0.003995896106701226,0.01009773745882607,0.021869431394783735,0.0389329877423187,0.0016739564771315945,0.004967870835358281,0.0015119606890220854,0.0014579620929855823,0.003077919974080674,0.003131918570117177,0.004967870835358281,0.008315783789621469,0.0017819536692046008,0.006317835736270857,0.011717695339921163,0.0034559101463361953,0.002159943841460122,0.0038339003185917167,0.00318591716615368,0.009179761326205519,0.012473675684432205,0.013607646201198769,0.029483233435930664,0.003401911550299692,0.0028079269938981587,0.0024299368216426373,0.0029699227820076677,0.0024839354176791405,0.0012419677088395702,0.0025919326097521463,0.0026459312057886494,0.0012959663048760731,0.0025919326097521463,0.0027539283978616556,0.005831848371942329,0.005777849775905826,0.0016739564771315945,0.0008639775365840488,0.001187969112803067,0.006803823100599384,0.003077919974080674,0.0064798315243803665,0.01150170095577515,0.005345861007613802,0.008747772557913494,0.008693773961876991,0.0075058048490739245,0.007397807657000918,0.004859873643285275,0.026783303634105513,0.0035099087423726984,0.007667800637183433,0.003401911550299692,0.006587828716453372,0.051622657810896914,0.00637183433230736,0.008045790809438954,0.006101841352124845,0.015821588638695393,0.02321939629569631,0.02937523624385766,0.007559803445110427,0.08061990388249905,0.0017279550731680977,0.00194394945731411,0.0018899508612776068,0.0016739564771315945,0.010583724823154598,0.010745720611264107
99,0.009856485242350393,0.005794746818304901,0.005794746818304901,0.004765773084213377,0.0017871649065800163,0.0017330083942594097,0.0011914432710533442,0.022258326563769294,0.003357703763877606,0.006607094503113999,0.02307067424857839,0.018629840238288654,0.023774708908746278,0.026157595450852965,0.005740590305984295,0.005794746818304901,0.004603303547251557,0.005253181695098835,0.010289737340915246,0.017817492553479555,0.002274573517465475,0.003357703763877606,0.004494990522610344,0.0015705388572975901,0.0010289737340915244,0.013647441104792851,0.023666395884105063,0.020579474681830492,0.009152450582182508,0.0022204170051448686,0.002274573517465475,0.002328730029786082,0.0090982940698619,0.014351475764960736,0.0024911995667479016,0.0030869212022745737,0.00503655564581641,0.012835093419983753,0.012239371784457082,0.008989981045220688,0.021229352829677767,0.004007581911724885,0.010127267803953425,0.022529109125372326,0.03996750609260764,0.001678851881938803,0.00503655564581641,0.001462225832656377,0.0014080693203357704,0.0030869212022745737,0.0030869212022745737,0.00503655564581641,0.00850257243433523,0.0017871649065800163,0.006336311941510966,0.011751963173571621,0.003520173300839426,0.0021121039805036554,0.0037909558624424585,0.0031410777145951803,0.009369076631464933,0.0124018413214189,0.013701597617113459,0.029136203628486325,0.0034660167885188194,0.002761982128350934,0.0023828865421066884,0.003032764689953967,0.0024911995667479016,0.0012455997833739508,0.002545356079068508,0.0025995125913891143,0.0012455997833739508,0.002545356079068508,0.0027078256160303275,0.005903059842946114,0.005903059842946114,0.001678851881938803,0.0008665041971297048,0.0012455997833739508,0.006823720552396426,0.0030869212022745737,0.006498781478472786,0.011372867587327376,0.005415651232060655,0.008719198483617656,0.008665041971297048,0.007473598700243705,0.007419442187923098,0.004819929596533983,0.026645004061738423,0.003520173300839426,0.007636068237205524,0.003357703763877606,0.006607094503113999,0.05264012997562957,0.006552937990793393,0.00785269428648795,0.006119685892228541,0.015326292986731655,0.022745735174654752,0.028648795017600866,0.007419442187923098,0.08025995125913891,0.0017330083942594097,0.0018954779312212293,0.0018954779312212293,0.001678851881938803,0.010452206877877065,0.010885458976441918
100,0.00846178721569473,0.0057130537889403905,0.005820847256656246,0.0047968093133556105,0.001778592217311631,0.001778592217311631,0.0012396248787323488,0.02145090007545543,0.003341597499191549,0.006898781933814811,0.023606769429772557,0.018756063382559016,0.02495418777622076,0.028187991807696454,0.005281879918076965,0.005820847256656246,0.004419532176350113,0.004850706047213539,0.009216341489705723,0.01654629729438396,0.0023714562897488413,0.003341597499191549,0.004581222377923898,0.0016169020157378463,0.001024037943300636,0.01325859652905034,0.021397003341597498,0.01897165031799073,0.008353993747978872,0.002317559555890913,0.0022636628220329847,0.002317559555890913,0.007868923143257519,0.013905357335345477,0.002587043225180554,0.0028565268944701953,0.004904602781071467,0.012450145521181417,0.011965074916460063,0.008138406812547159,0.020319068664438934,0.004042255039344616,0.010294276166864288,0.021019726204592002,0.03670367575724911,0.0016707987495957746,0.004958499514929395,0.0014552118141640616,0.0013474183464482052,0.0028565268944701953,0.002802630160612267,0.004689015845639754,0.007383852538536165,0.001778592217311631,0.006467608062951385,0.01083324350544357,0.003772771370054975,0.0021558693543171285,0.003772771370054975,0.003395494233049477,0.008839064352700226,0.012126765118033848,0.013043009593618626,0.029589306888002587,0.0034493909669074054,0.0026409399590384824,0.002317559555890913,0.002910423628328123,0.0024253530236067696,0.0011857281448744207,0.0023714562897488413,0.0024253530236067696,0.0011857281448744207,0.002317559555890913,0.0024253530236067696,0.005659157055082462,0.005659157055082462,0.0013474183464482052,0.0009162444755847795,0.0013474183464482052,0.00781502640939959,0.0037188746361970465,0.006790988466098954,0.010941036973159426,0.005227983184219036,0.009054651288131939,0.008946857820416083,0.008030613344831303,0.007761129675541662,0.004904602781071467,0.027487334267543385,0.0034493909669074054,0.00781502640939959,0.003287700765333621,0.00662929826452517,0.05362725018863857,0.006467608062951385,0.008569580683410585,0.006305917861377601,0.01686967769753153,0.025924328985663467,0.03233804031475693,0.008300097014120945,0.08461787215694729,0.001778592217311631,0.002048075886601272,0.002048075886601272,0.0017246954834537027,0.010941036973159426,0.011264417376306997
101,0.009338648899568565,0.005570422150619846,0.005788870078095134,0.004642018458849872,0.0018568073835399487,0.0018021954016711266,0.0012560755829829065,0.022008628693135274,0.0032767189121293214,0.006553437824258643,0.02348315220359347,0.018458849871661843,0.02484845175031402,0.027196766970673365,0.005570422150619846,0.005843482059963956,0.004642018458849872,0.004969690350062804,0.009884768718256786,0.017257386270547757,0.0023483152203593468,0.0032767189121293214,0.004150510622030474,0.0016929714379334826,0.0010376276555076184,0.012833815739173174,0.02250013652995467,0.019660313472775928,0.008191797280323303,0.0021298672928840587,0.0021298672928840587,0.0021844792747528806,0.007809513407241549,0.014526787177106657,0.002566763147834635,0.002949047020916389,0.004969690350062804,0.013052263666648462,0.012560755829829065,0.00835563322592977,0.020916389055758832,0.0038228387308175413,0.010321664573207361,0.021954016711266452,0.038992955054338925,0.0016929714379334826,0.005078914313800448,0.0014199115285893724,0.0013106875648517284,0.002839823057178745,0.002785211075309923,0.004915078368193982,0.008191797280323303,0.0018568073835399487,0.006553437824258643,0.011686964119927912,0.0037682267489487194,0.002075255311015237,0.0035497788214734313,0.003222106930260499,0.009447872863306209,0.01272459177543553,0.01381683141281197,0.030964993719622084,0.003440554857735787,0.0026213751297034567,0.002293703238490525,0.002894435039047567,0.0024029272022281687,0.0011468516192452624,0.002293703238490525,0.0024029272022281687,0.0011468516192452624,0.002239091256621703,0.0024029272022281687,0.005843482059963956,0.005898094041832778,0.0015291354923270167,0.0008737917099011524,0.0013106875648517284,0.007263393588553328,0.0033313308939981433,0.00649882584238982,0.011304680246846157,0.005297362241275736,0.008847141062749166,0.008737917099011522,0.007591065479766261,0.007645677461635083,0.004915078368193982,0.026814483097591612,0.0033313308939981433,0.007536453497897439,0.0032767189121293214,0.006553437824258643,0.05472120583255966,0.006389601878652176,0.00786412538911037,0.006116541969308067,0.01567363879635192,0.023319316257987003,0.029435858227295067,0.0077549014253727264,0.08251870460379007,0.0017475834198023047,0.002020643329146415,0.002020643329146415,0.0017475834198023047,0.010758560428157938,0.011140844301239692
102,0.008929057548864812,0.005607883704469973,0.005880111068764632,0.004791201611585996,0.0019055915500626123,0.0017967006043447488,0.001252245875755431,0.022213752926444168,0.003212282898676975,0.0063701203244950185,0.023956008057929985,0.018783688136331463,0.025861599607992596,0.028801655142374913,0.005390101813034246,0.006043447487341427,0.004464528774432406,0.005172319921598519,0.00980018511460772,0.01617030543910274,0.002177818914357271,0.0033211738443948385,0.004192301410137747,0.0016878096586268852,0.000980018511460772,0.01225023139325965,0.02232264387216203,0.01889257908204933,0.007186802417378995,0.001960037022921544,0.001960037022921544,0.002014482495780476,0.006860129580225405,0.013339140850438287,0.002395600805792998,0.0028311645886644524,0.004627865193009202,0.012359122338977515,0.011705776664670332,0.007622366200250449,0.02052594326781728,0.0037567376272662927,0.010235748897479175,0.021669298197854847,0.03822072194697011,0.0015244732400500898,0.005008983503021724,0.001252245875755431,0.0011433549300375674,0.002667828170087657,0.002667828170087657,0.0047367561387270645,0.007731257145968313,0.0019055915500626123,0.006642347688789677,0.011106876463222084,0.00397451951870202,0.0018511460772036804,0.0034300647901127023,0.0031033919529591114,0.009092393967441607,0.012413567811836446,0.013611368214732945,0.030435019328142864,0.0035934012086894975,0.002558937224369794,0.002286709860075135,0.002994501007241248,0.00245004627865193,0.000980018511460772,0.0020689279686394078,0.002177818914357271,0.000980018511460772,0.0020689279686394078,0.002177818914357271,0.005771220123046769,0.0058256655959057005,0.001252245875755431,0.0008711275657429084,0.0013611368214732945,0.008057929983121903,0.003920074045843088,0.006805684107366473,0.010889094571786356,0.0052812108673163825,0.008983503021723743,0.008820166603146948,0.00794903903740404,0.007894593564545109,0.004954538030162792,0.027113845483748025,0.0033211738443948385,0.0075134752545325855,0.0032667283715359066,0.006642347688789677,0.05754886481189089,0.006860129580225405,0.008166820928839767,0.006315674851636087,0.015843632601949147,0.024609353732237164,0.03125170142102684,0.008057929983121903,0.08428159198562639,0.0018511460772036804,0.002123373441498339,0.002123373441498339,0.0017967006043447488,0.011052430990363151,0.011487994773234606
103,0.008013519406890537,0.005560401221107719,0.005887483645878762,0.004742695159180113,0.0019079808111644135,0.001853467073702573,0.0013083296990841692,0.02126035761011775,0.0032163105102485825,0.006269079808111644,0.023822503270824247,0.01853467073702573,0.026057566506759704,0.02965547317924117,0.0053423462712603575,0.0059419973833406015,0.004470126471870912,0.004688181421718273,0.009212821631051025,0.016081552551242915,0.0020715220235499347,0.003434365460095944,0.004143044047099869,0.0016354121238552116,0.0009267335368512865,0.012102049716528566,0.020660706498037505,0.018153074574792847,0.006868730920191888,0.001853467073702573,0.0017989533362407326,0.001853467073702573,0.006323593545573485,0.013682948102921937,0.002289576973397296,0.002725686873092019,0.004415612734409071,0.01286524204099433,0.012211077191452245,0.007304840819886612,0.020170082860880942,0.0038704753597906673,0.010357610117749673,0.020715220235499345,0.035815525512429135,0.00141735717400785,0.005069777583951156,0.001144788486698648,0.0010357610117749673,0.0026166593981683385,0.0025076319232446576,0.004742695159180113,0.007413868294810292,0.0019079808111644135,0.006650675970344527,0.010739206279982556,0.0038704753597906673,0.0017444395987788923,0.003543392935019625,0.002998255560401221,0.008885739206279983,0.01264718709114697,0.013573920627998256,0.03123637156563454,0.0037614478848669863,0.0025621456607064982,0.002289576973397296,0.0030527692978630614,0.0025076319232446576,0.0008722197993894462,0.002017008286088094,0.002126035761011775,0.0008722197993894462,0.0019624945486262538,0.002126035761011775,0.0057239424334932405,0.0057239424334932405,0.001144788486698648,0.0008177060619276058,0.0013628434365460095,0.008286088094199739,0.004034016572176188,0.006977758395115569,0.010848233754906237,0.0053423462712603575,0.009158307893589184,0.008940252943741823,0.008286088094199739,0.008177060619276057,0.004960750109027475,0.027420409943305715,0.0033253379851722635,0.007631923244657654,0.0033253379851722635,0.0067597034452682074,0.05685782817269952,0.006923244657653729,0.0085041430440471,0.006432621020497165,0.01695377235063236,0.02671173135630179,0.033144352376798955,0.008994766681203664,0.08629524640209332,0.0019079808111644135,0.002126035761011775,0.002180549498473615,0.001853467073702573,0.011229829917139118,0.011665939816833842
104,0.009139459340417332,0.005450641413863349,0.005836040301712272,0.0046247866541870835,0.0019269944392446181,0.0018719374552662006,0.0012663106315036062,0.022243021527280735,0.003248362054726642,0.006056268237625942,0.023949788030611683,0.018278918680834665,0.025821725485877883,0.028354346748885095,0.005615812365798602,0.006001211253647525,0.0046247866541870835,0.004900071574079172,0.009910257116115179,0.01695755106535264,0.002092165391179871,0.0033584760226834775,0.003909045862467654,0.0015966525353741123,0.000991025711611518,0.011782194571381379,0.022518306447172825,0.01938005836040302,0.007047293949237461,0.0018168804712877828,0.0018168804712877828,0.0018719374552662006,0.006772009029345372,0.014039530914496504,0.0023123933270935417,0.0026977922149424654,0.004514672686230248,0.012993448218906568,0.012442878379122392,0.00754280680504322,0.020866596927820294,0.003743874910532401,0.01057094092385619,0.021527280735561306,0.038650002752849195,0.0015415955513956945,0.0050101855420360076,0.0012112536475251887,0.0011561966635467709,0.0026977922149424654,0.0026977922149424654,0.004955128558057589,0.008313604580741067,0.0018719374552662006,0.006551781093431702,0.011782194571381379,0.0036888179265539833,0.0017067665033309476,0.003248362054726642,0.0028629631668777183,0.009029345372460496,0.01293839123492815,0.014039530914496504,0.03187799372350383,0.003578703958597148,0.0026427352309640476,0.0023674503110719595,0.003083191102791389,0.0025326212630072125,0.0009359687276331003,0.0019269944392446181,0.0020371084072014537,0.0009359687276331003,0.0019269944392446181,0.002092165391179871,0.005946154269669108,0.006001211253647525,0.0012112536475251887,0.0008258547596762649,0.0012112536475251887,0.00754280680504322,0.0034685899906403126,0.006716952045366955,0.011396795683532456,0.005340527445906513,0.008919231404503661,0.008754060452568409,0.007818091724935307,0.007928205692892144,0.0050101855420360076,0.026977922149424655,0.0033034190387050597,0.007322578869129549,0.0033034190387050597,0.006716952045366955,0.05786489016131696,0.006882122997302208,0.007818091724935307,0.006276496173539614,0.01580135440180587,0.023674503110719596,0.029840885316302374,0.007983262676870561,0.08374167263117327,0.0018719374552662006,0.002092165391179871,0.002147222375158289,0.0017618234873093652,0.010901282827726698,0.011451852667510873
105,0.008053029472992222,0.0057521639092801575,0.006354771556919031,0.004656513640845842,0.0015339103758080421,0.0014791278623863262,0.0010956502684343157,0.021584310288156022,0.0032321682918812315,0.005971293962967021,0.02421387093239838,0.01846170702311822,0.026459953982688727,0.0301851648953654,0.005697381395858442,0.006409554070340748,0.004546948614002411,0.004437383587158979,0.009148679741426536,0.016325188999671305,0.002026952996603484,0.0035060808589898107,0.004053905993206968,0.0015886928892297578,0.0009313027281691684,0.011778240385668895,0.020707790073408568,0.018187794456009643,0.006793031664292758,0.0018626054563383367,0.001807822942916621,0.001807822942916621,0.006080858989810452,0.013805193382272379,0.002300865563712063,0.0025199956173989264,0.004273036046893832,0.012983455680946642,0.012326065519886052,0.007176509258244769,0.02015996493919141,0.0038895584529418208,0.009915634929330558,0.020379094992878273,0.03527993864358497,0.0014243453489646105,0.005094773748219568,0.0010956502684343157,0.0010408677550126,0.0026295606442423578,0.002574778130820642,0.004656513640845842,0.007450421825353347,0.0015339103758080421,0.006683466637449326,0.010682590117234578,0.0037799934260983894,0.0017530404294949053,0.0032869508053029474,0.0030130382381943683,0.008600854607209378,0.012764325627259779,0.013586063328585515,0.03144516270406486,0.0037799934260983894,0.002574778130820642,0.0022460830502903473,0.0031226032650378,0.0025199956173989264,0.0008765202147474527,0.0018626054563383367,0.0019173879697600526,0.0008765202147474527,0.001807822942916621,0.0019173879697600526,0.005861728936123589,0.005861728936123589,0.0010956502684343157,0.0008217377013257369,0.0012599978086994632,0.008272159526679083,0.004273036046893832,0.007505204338775063,0.010956502684343158,0.005039991234797853,0.0093678097951134,0.009093897228004822,0.008874767174317958,0.008819984660896242,0.004985208721376136,0.02744603922427961,0.003341733318724663,0.007614769365618494,0.0034512983455680948,0.006847814177714473,0.05872685438807933,0.007231291771666484,0.008546072093787663,0.006464336583762463,0.017475621781527336,0.026733866549797303,0.03303385559329462,0.008272159526679083,0.0860085460720938,0.0015886928892297578,0.0016982579160731894,0.0016982579160731894,0.0015339103758080421,0.010956502684343158,0.010901720170921442
106,0.009498944561715366,0.006054882790801022,0.0073325186090434395,0.004832796355960449,0.0009443395178313521,0.0008887901344295079,0.0007221419842239751,0.02110876569270081,0.0034440617709143428,0.006221530941006555,0.024719475613820686,0.018386845906010443,0.027163648483501834,0.031107654705032774,0.006832574158426841,0.007443617375847128,0.00511054327296967,0.0036107099211198754,0.009665592711920898,0.016609265637151427,0.002055327185868237,0.0036107099211198754,0.004221753138540162,0.0015553827352516388,0.0008887901344295079,0.011665370514387291,0.02027552494167315,0.01805354960559938,0.006832574158426841,0.0018886790356627042,0.0017775802688590157,0.0018331296522608599,0.005999333407399178,0.01455393845128319,0.002277524719475614,0.0024441728696811466,0.004332851905343851,0.013554049550049994,0.012943006332629708,0.007165870458837907,0.017942450838795688,0.0035551605377180315,0.008276858126874792,0.019997778024663928,0.032274191756471504,0.0014442839684479503,0.005166092656371514,0.001166537051438729,0.0010554382846350405,0.0027219197866903675,0.002555271636484835,0.004943895122764138,0.008165759360071103,0.0009998889012331964,0.0056660371069881124,0.01216531496500389,0.0033329630041106545,0.0017220308854571714,0.003499611154316187,0.0029441173202977445,0.0091656482613043,0.013442950783246307,0.01416509276747028,0.032329741139873344,0.0036107099211198754,0.0027219197866903675,0.0024441728696811466,0.003221864237306966,0.002555271636484835,0.0008887901344295079,0.0019442284190645484,0.0019997778024663927,0.0008887901344295079,0.0018331296522608599,0.0019442284190645484,0.004943895122764138,0.004943895122764138,0.0009998889012331964,0.0007776913676258194,0.0013331852016442618,0.0074991667592489725,0.0035551605377180315,0.009387845794911677,0.013165203866237084,0.004943895122764138,0.008665703810687701,0.008443506277080324,0.010665481613154094,0.010665481613154094,0.005554938340184424,0.02621930896567048,0.0034440617709143428,0.007110321075436063,0.003499611154316187,0.006832574158426841,0.059271192089767805,0.007110321075436063,0.00944339517831352,0.0068881235418286856,0.02044217309187868,0.0274969447839129,0.033718475724919456,0.007221419842239751,0.08037995778246862,0.0011109876680368848,0.0010554382846350405,0.0009998889012331964,0.0009998889012331964,0.00983224086212643,0.008999000111098767
107,0.010074290859972985,0.0057969383160738405,0.007035119315623593,0.004840162089149032,0.0010130571814497974,0.0009004952723998199,0.0007316524088248537,0.02194957226474561,0.003489419180549302,0.006303466906798739,0.024932462854570014,0.01896668167492121,0.02729626294461954,0.030729401170643853,0.006641152633948672,0.007260243133723548,0.005065285907248987,0.00405222872579919,0.009736605132823054,0.0164903196758217,0.002138676271949572,0.0036019810895992796,0.004108509680324179,0.0016884286357496624,0.0009567762269248087,0.01165015758667267,0.021217919855920756,0.018685276902296263,0.00675371454299865,0.0019135524538496174,0.0018009905447996398,0.0019135524538496174,0.0061346240432237735,0.014070238631247185,0.0023075191355245387,0.002588923908149482,0.004446195407474111,0.0130009004952724,0.012438090950022513,0.007091400270148582,0.01834759117514633,0.003489419180549302,0.008554705087798289,0.020373705538045926,0.03410625844214318,0.0014633048176497074,0.005121566861773976,0.0011819000450247637,0.0011256190904997748,0.0027014858171994596,0.0027014858171994596,0.005065285907248987,0.008385862224223323,0.001069338135974786,0.005628095452498875,0.012325529040972534,0.003264295362449347,0.0018009905447996398,0.0034331382260243135,0.003095452498874381,0.009117514633048177,0.013113462404322377,0.013788833858622243,0.03258667266996848,0.003376857271499325,0.0027577667717244483,0.002420081044574516,0.003264295362449347,0.0027014858171994596,0.0009567762269248087,0.001969833408374606,0.002026114362899595,0.0009004952723998199,0.0019135524538496174,0.002026114362899595,0.005009004952723998,0.005065285907248987,0.0009567762269248087,0.0007879333633498424,0.001294461954074741,0.007429085997298514,0.003264295362449347,0.008948671769473211,0.012606933813597478,0.005121566861773976,0.008442143178748312,0.008160738406123368,0.009961728950923008,0.010074290859972985,0.005459252588923908,0.026170643854119765,0.003489419180549302,0.007035119315623593,0.0034331382260243135,0.006978838361098604,0.06089599279603782,0.007203962179198559,0.008723547951373256,0.00675371454299865,0.01919180549302116,0.025945520036019812,0.03258667266996848,0.006978838361098604,0.08036920306168392,0.0011819000450247637,0.001069338135974786,0.001069338135974786,0.0010130571814497974,0.010018009905447996,0.009342638451148131
108,0.009625668449197862,0.005966788629327329,0.007092597804672108,0.00484097945398255,0.0010695187165775401,0.0010132282578103012,0.0007880664227413453,0.021165212496481848,0.003490008443568815,0.006360821840698002,0.02465522094005066,0.018463270475654377,0.02730087250211089,0.03112862369828314,0.006642274134534196,0.007205178722206586,0.0050661412890515055,0.003940332113706727,0.009794539825499578,0.015817618913594147,0.002082746974387841,0.003658879819870532,0.004109203490008443,0.0017450042217844075,0.0009006473402758232,0.01125809175344779,0.020039403321137066,0.017506332676611315,0.006529693216999718,0.0019138755980861245,0.0018012946805516464,0.0018575851393188853,0.005854207711792851,0.013622291021671827,0.002251618350689558,0.002645651562060231,0.004390655783844639,0.012834224598930482,0.012271320011258092,0.006811145510835914,0.018125527723050944,0.003433717984801576,0.00861244019138756,0.020151984238671546,0.03326766113143822,0.0014072614691809737,0.005122431747818745,0.001182099634112018,0.0010695187165775401,0.0027582324795947088,0.0027019420208274697,0.005122431747818745,0.008218406980016886,0.001125809175344779,0.005629045876723895,0.012158739093723614,0.0031522656909653813,0.0017450042217844075,0.003602589361103293,0.0030396847734309035,0.00911905432029271,0.013115676892766676,0.013903743315508022,0.032986208837602025,0.0033774275260343373,0.0028145229383619475,0.002476780185758514,0.003321137067267098,0.002645651562060231,0.0009006473402758232,0.0020264565156206025,0.0021390374331550803,0.0009006473402758232,0.0019701660568533634,0.002082746974387841,0.004897269912749789,0.004953560371517028,0.0007880664227413453,0.0007880664227413453,0.0013509710104137348,0.007317759639741064,0.0032085561497326204,0.009062763861525472,0.012834224598930482,0.005235012665353223,0.008499859273853081,0.00810582606248241,0.01024486349563749,0.01024486349563749,0.005572755417956657,0.026175063326766113,0.003490008443568815,0.00698001688713763,0.003490008443568815,0.007036307345904869,0.06203208556149733,0.007205178722206586,0.00911905432029271,0.006867435969603152,0.01998311286236983,0.02730087250211089,0.03383056571911061,0.007374050098508303,0.08088938924852238,0.001238390092879257,0.001182099634112018,0.001182099634112018,0.001125809175344779,0.010075992119335773,0.009400506614128905
109,0.009357839291718031,0.005827636445141769,0.00722851059060854,0.004819007060405693,0.0009525944189174044,0.0008965594530987336,0.0007284545556427211,0.020901042250364227,0.003474167880757593,0.006107811274235123,0.024543315028577834,0.017651014232881318,0.027176958422055364,0.03132354589263701,0.0067241958982405025,0.007396615488064552,0.005043146923680376,0.003698307744032276,0.00986215398408607,0.016026000224139865,0.0020172587694721506,0.003754342709850947,0.0038664126414882888,0.001568979042922784,0.0009525944189174044,0.011038888266278158,0.01978034293399081,0.01770704919869999,0.00655609100078449,0.00196122380365348,0.0017931189061974671,0.0017931189061974671,0.005659531547685756,0.014120811386305054,0.002241398632746834,0.0023534685643841757,0.004146587470581643,0.013280286899024992,0.012663902275019612,0.006668160932421831,0.018211363891068026,0.003474167880757593,0.00851731480443797,0.020060517763084165,0.03322873473047182,0.0014008741454667713,0.005155216855317718,0.0011767342821920879,0.0010646643505547461,0.0028577832567522133,0.002689678359296201,0.004931076992043035,0.008125070043707274,0.0010086293847360753,0.0057155665135044265,0.012271657514288917,0.003137958085845568,0.0017370839403787965,0.0033620979491202512,0.002969853188389555,0.008741454667712653,0.013336321864843662,0.014064776420486383,0.033733049422839854,0.0035302028465762636,0.0028017482909335426,0.0024655384960215175,0.003418132914938922,0.002689678359296201,0.0008965594530987336,0.0019051888378348088,0.0019051888378348088,0.0008965594530987336,0.0017370839403787965,0.0019051888378348088,0.0049871119578617056,0.005043146923680376,0.0008405244872800628,0.000784489521461392,0.0012888042138294296,0.007340580522245881,0.0030819231200268967,0.00924576936008069,0.01311218200156898,0.004931076992043035,0.008741454667712653,0.00857334977025664,0.01047853860809145,0.01047853860809145,0.005491426650229743,0.026560573798049984,0.003474167880757593,0.007116440658971198,0.0035862378123949342,0.0070043707273338566,0.06259105681945534,0.00722851059060854,0.00918973439426202,0.006780230864059173,0.020060517763084165,0.027289028353692703,0.03384511935447719,0.007284545556427211,0.0813067354028914,0.001120699316373417,0.0010646643505547461,0.0010646643505547461,0.0010086293847360753,0.009974223915723411,0.00924576936008069
110,0.008804680969629422,0.005684034550013931,0.006910002786291446,0.004680969629423238,0.0011145165784341043,0.001058790749512399,0.0008358874338255781,0.02106436333240457,0.003399275564224018,0.005572582892170521,0.02440791306770688,0.016773474505433268,0.02724993034271385,0.031429367511841735,0.006352744497074394,0.0070771802730565615,0.004736695458344943,0.003900808024519365,0.009807745890220118,0.016327667874059627,0.0020061298411813877,0.003733630537754249,0.0035664530509891333,0.0015045973808860407,0.0009473390916689885,0.010699359152967401,0.02000557258289217,0.01794371691278908,0.0065199219838395096,0.0019504040122596824,0.0017832265254945666,0.001838952354416272,0.005628308721092226,0.014377263861799943,0.0022847589857899137,0.0019504040122596824,0.00395653385344107,0.013429924770130955,0.012872666480913904,0.006408470325996099,0.018779604346614655,0.0035664530509891333,0.00897185845639454,0.019949846753970466,0.034382836444692116,0.0013931457230426303,0.005182502089718584,0.0011702424073558094,0.0010030649205906939,0.0027862914460852605,0.0026191139593201448,0.0046252438005015325,0.007690164391195319,0.0011145165784341043,0.006018389523544163,0.011590972415714683,0.003176372248537197,0.0017275006965728615,0.0027862914460852605,0.0029534689328503763,0.008080245193647256,0.01337419894120925,0.014098634717191418,0.03443856227361382,0.003622178879910839,0.0027305656171635554,0.002396210643633324,0.003455001393145723,0.0027305656171635554,0.0008916132627472833,0.0015603232098077458,0.0016160490387294511,0.0008916132627472833,0.0014488715519643354,0.0016160490387294511,0.0052382279186402895,0.005293953747561995,0.0007244357759821677,0.0007801616049038729,0.0012259682362775147,0.007411535246586793,0.0035664530509891333,0.008693229311786012,0.012426859849540261,0.004792421287266648,0.009139035943159655,0.00886040679855113,0.009974923376985233,0.009919197548063528,0.005293953747561995,0.02736138200055726,0.003455001393145723,0.007300083588743383,0.003622178879910839,0.006910002786291446,0.06330454165505713,0.007355809417665088,0.009027584285316245,0.006575647812761215,0.019113959320144886,0.027194204513792144,0.033602674839788245,0.007634438562273613,0.08409027584285317,0.0012259682362775147,0.0012259682362775147,0.0012259682362775147,0.0011145165784341043,0.010420730008358874,0.009863471719141823
111,0.008276398378048102,0.005554629783924902,0.0065544631450313836,0.004332611231461423,0.0011664722546242292,0.0011109259567849803,0.0008331944675887352,0.02182969505082486,0.0032772315725156918,0.005110259401210909,0.02482919513414431,0.016608343053935454,0.027884241515303006,0.03177248236405043,0.005887907570960396,0.0065544631450313836,0.004443703827139921,0.003888240848747431,0.009498416930511582,0.016608343053935454,0.0019996667222129645,0.003888240848747431,0.0033327778703549408,0.0013886574459812254,0.0008887407654279842,0.010442703993778814,0.020052213519968894,0.018274731989112926,0.0067766483363883795,0.0019441204243737156,0.0017774815308559684,0.0017774815308559684,0.005721268677442649,0.014719768927400989,0.0022218519135699605,0.0015552963394989724,0.0036105093595511857,0.013442204077098261,0.012831194800866523,0.006276731655835139,0.019830028328611898,0.003832694550908182,0.009498416930511582,0.019385657945897906,0.035049713936566126,0.0013886574459812254,0.005110259401210909,0.0011664722546242292,0.0010553796589457313,0.002888407487640949,0.0028328611898017,0.004332611231461423,0.007387657612620119,0.0011664722546242292,0.006387824251513637,0.01072043548297506,0.0033883241681941898,0.0017774815308559684,0.0021663056157307115,0.0028328611898017,0.0070543798255846245,0.01299783369438427,0.013442204077098261,0.03438315836249514,0.003777148253068933,0.0026106759984447035,0.0023329445092484585,0.0034994167638726877,0.002777314891962451,0.0008887407654279842,0.0012775648503027272,0.0013886574459812254,0.0008887407654279842,0.0012220185524634782,0.0013331111481419764,0.005887907570960396,0.005943453868799645,0.0007221018719102372,0.0008331944675887352,0.0011109259567849803,0.007609842803977115,0.003721601955229684,0.007943120591012608,0.011220352163528301,0.004388157529300672,0.009498416930511582,0.009276231739154586,0.009387324334833084,0.009109592845636838,0.004832527912014664,0.027884241515303006,0.0032772315725156918,0.007443203910459368,0.0036660556573904347,0.0068321946342276285,0.06348941843026162,0.007387657612620119,0.008609676165083598,0.006276731655835139,0.017608176415041938,0.028439704493695494,0.03443870466033439,0.007943120591012608,0.08826306726656669,0.0012775648503027272,0.0013331111481419764,0.0013331111481419764,0.0011664722546242292,0.010498250291618064,0.010331611398100316
112,0.007688478345041208,0.005475966591072515,0.00641628408650921,0.004425023507937386,0.0014381326400796505,0.0014381326400796505,0.0010509430831351291,0.022180430333536148,0.0033187676309530396,0.0047015874771834726,0.024669506056750928,0.01609602301012224,0.027656396924608664,0.03186016925714918,0.005863156148017037,0.006471596880358427,0.0045356490956358205,0.0040378339509928645,0.009126610985120858,0.01653852536091598,0.0019912605785718236,0.0038718955694452125,0.0031528292494053876,0.0013275070523812158,0.0008850047015874771,0.010398805243652857,0.02068698489960728,0.018529785939487804,0.006637535261906079,0.001880634990873389,0.0017146966093257371,0.0017146966093257371,0.005697217766469385,0.014381326400796503,0.0021018861662702583,0.0013275070523812158,0.0033187676309530396,0.013219757729962941,0.01261131699762155,0.006029094529564689,0.020133856961115106,0.0037059571878975605,0.010011615686708336,0.019470103434924498,0.03445987056806239,0.0013275070523812158,0.005088777034127994,0.0011615686708335638,0.0009956302892859118,0.002876265280159301,0.0027656396924608663,0.004590961889485038,0.007577852757342773,0.0014381326400796505,0.006471596880358427,0.010841307594446596,0.003484706012500691,0.0016593838154765198,0.0018253221970241716,0.0027656396924608663,0.006471596880358427,0.01283256817301842,0.013385696111510593,0.033962055423419436,0.0038718955694452125,0.002710326898611649,0.002378450135516345,0.0035400188063499085,0.0028209524863100836,0.0008850047015874771,0.0010509430831351291,0.0011062558769843465,0.0008850047015874771,0.0010509430831351291,0.0011062558769843465,0.005807843354167819,0.005863156148017037,0.0007190663200398252,0.0007743791138890426,0.0009956302892859118,0.007743791138890425,0.003816582775595995,0.007799103932739642,0.011449748326787986,0.0048675258587311246,0.009347862160517728,0.009181923778970076,0.009237236572819293,0.009126610985120858,0.005088777034127994,0.02826483765695005,0.0034293932186514743,0.007577852757342773,0.003761269981746778,0.006914099231152166,0.06360971292659992,0.007688478345041208,0.008573483046628685,0.006360971292659993,0.017312904474805022,0.027656396924608664,0.034017368217268654,0.008739421428176337,0.08866640854029537,0.0015487582277780851,0.0016593838154765198,0.0017146966093257371,0.0014381326400796505,0.010896620388295813,0.0111731843575419
113,0.007567388422448078,0.005634114007954044,0.00635218736190897,0.004418912947414936,0.0016018559434379143,0.0015466195315952276,0.001104728236853734,0.022702165267344233,0.0033694211224038887,0.004142730888201503,0.024690676093680954,0.015466195315952275,0.027728678745028722,0.0319818824569156,0.0057445868316394165,0.006462660185594344,0.004474149359257623,0.0041979673000441895,0.009169244365885992,0.016957578435704817,0.0019332744144940344,0.003921785240830756,0.002927529827662395,0.0012152010605391073,0.0008837825894829872,0.010273972602739725,0.02154220061864781,0.019167034909412285,0.0067388422448077774,0.0017675651789659744,0.0017123287671232876,0.0017123287671232876,0.00602076889085285,0.014582412726469289,0.002043747238179408,0.0009390190013256739,0.0030380026513477684,0.013367211665930181,0.01270437472381794,0.005910296067167477,0.02005081749889527,0.0035903667697746353,0.010108263367211667,0.01960892620415378,0.034522757401679184,0.0013256738842244808,0.00502651347768449,0.0011599646486964207,0.0010494918250110474,0.002927529827662395,0.0028722934158197082,0.0046950950066283696,0.007456915598762704,0.0016018559434379143,0.006573133009279717,0.010605391073795847,0.003479893946089262,0.001657092355280601,0.0013256738842244808,0.0026513477684489617,0.00568935041979673,0.012814847547503314,0.013311975254087494,0.033694211224038886,0.003921785240830756,0.002706584180291648,0.002375165709235528,0.003535130357931949,0.0028722934158197082,0.0008837825894829872,0.0008285461776403005,0.0008285461776403005,0.0008837825894829872,0.0007180733539549271,0.0008285461776403005,0.005799823243482103,0.005799823243482103,0.0007180733539549271,0.0007180733539549271,0.0008837825894829872,0.0077330976579761375,0.0038665488289880688,0.0076778612461334515,0.0112129916040654,0.004971277065841803,0.009334953601414052,0.009114007954043305,0.009169244365885992,0.008893062306672559,0.005081749889527177,0.028501988510826335,0.003424657534246575,0.007622624834290765,0.0038113124171453823,0.0067388422448077774,0.06335616438356165,0.007843570481661512,0.008672116659301812,0.006407423773751657,0.017399469730446312,0.02761820592134335,0.034025629695095004,0.009003535130357933,0.08926204153778171,0.0017123287671232876,0.001822801590808661,0.001822801590808661,0.0015466195315952276,0.011102518780380027,0.011433937251436146
114,0.0076129530534561705,0.005626965300380648,0.0062337948915981685,0.004523638770894246,0.0017101561207039223,0.0015998234677552822,0.0011584928559607215,0.02322502344568875,0.0033651459149335247,0.0038064765267280852,0.024990345892866993,0.015005240801015061,0.028079660175428917,0.032492966293374524,0.005626965300380648,0.006288961218072489,0.004413306117945606,0.004192640812048325,0.009267942847685772,0.017211893859987865,0.0017653224471782423,0.003916809179676725,0.002758316323716004,0.0011033265294864015,0.0008274948971148011,0.009985105091851933,0.021901031610305068,0.019584045898383626,0.00689579080929001,0.0017653224471782423,0.0016549897942296022,0.0016549897942296022,0.005957963259226568,0.01472940916864346,0.0019308214266012026,0.000772328570640481,0.002758316323716004,0.013460583659734099,0.012908920394990897,0.005737297953329288,0.02002537651017819,0.0035306448943564846,0.010205770397749213,0.019584045898383626,0.03475478567882165,0.0012688255089093618,0.004909803056214487,0.0011033265294864015,0.0009929938765377614,0.002868648976664644,0.002813482650190324,0.004633971423842886,0.00728195509461025,0.0016549897942296022,0.006619959176918409,0.010205770397749213,0.0035306448943564846,0.0015998234677552822,0.0011033265294864015,0.0025376510178187236,0.0053511336680090475,0.012964086721465217,0.013681248965631379,0.03348596016991229,0.0039719755061510455,0.0027031499972416835,0.0023721520383957633,0.003585811220830805,0.002868648976664644,0.0008826612235891211,0.0006619959176918409,0.0006619959176918409,0.0008274948971148011,0.0006068295912175208,0.000717162244166161,0.005737297953329288,0.005737297953329288,0.0006619959176918409,0.000717162244166161,0.0008274948971148011,0.00766811937993049,0.0038064765267280852,0.00755778672698185,0.010978098968389695,0.005020135709163127,0.009267942847685772,0.009157610194737133,0.009047277541788492,0.008771445909416892,0.005020135709163127,0.0285761571136978,0.0034203122414078447,0.00766811937993049,0.0038064765267280852,0.006564792850444089,0.06355160809841673,0.00788878468582777,0.008661113256468251,0.0063441275445468084,0.017377392839410824,0.027803828543057317,0.0340927897611298,0.009102443868262812,0.08997627847961605,0.0017101561207039223,0.0019308214266012026,0.0019859877530755228,0.0015998234677552822,0.011198764274286975,0.011695261212555855
115,0.007534095908490981,0.005554333479982402,0.0061592608886933565,0.004399472063352398,0.0017597888253409592,0.0016498020237571492,0.0011548614166300044,0.023372195336559612,0.0033545974483062033,0.003684557853057633,0.025131984161900572,0.014903211614606247,0.02821161460624725,0.032446106467223935,0.005609326880774307,0.0062692476902771665,0.004509458864936208,0.004234491860976683,0.00929388473383194,0.017487901451825782,0.001814782226132864,0.003904531456225253,0.0026946766388033436,0.0010448746150461944,0.0008249010118785746,0.0099538055433348,0.022052353717553895,0.019632644082710076,0.006709194896612407,0.0016498020237571492,0.0015398152221733391,0.0015948086229652441,0.005884293884733832,0.014958205015398152,0.001924769027716674,0.0007149142102947647,0.0026946766388033436,0.013638363396392433,0.013033435987681478,0.005719313682358117,0.019797624285085788,0.0035195776506819184,0.01028376594808623,0.01946766388033436,0.03464584249890013,0.0012648482182138143,0.004949406071271447,0.0010998680158380994,0.0009898812142542894,0.0028046634403871536,0.0028046634403871536,0.004674439067311922,0.007314122305323361,0.0017047954245490542,0.006544214694236692,0.01028376594808623,0.0034645842498900133,0.0015398152221733391,0.0009898812142542894,0.0024747030356357235,0.0052243730752309725,0.013033435987681478,0.013693356797184338,0.033545974483062034,0.003959524857017158,0.0026396832380114386,0.002364716234051914,0.0034645842498900133,0.0028596568411790586,0.0008249010118785746,0.0006049274087109547,0.0006599208095028596,0.0008249010118785746,0.0005499340079190497,0.0006049274087109547,0.005719313682358117,0.005719313682358117,0.0006599208095028596,0.0007149142102947647,0.0008249010118785746,0.007644082710074791,0.003794544654641443,0.007424109106907171,0.011053673559172899,0.0051143862736471625,0.009348878134623845,0.009128904531456225,0.008908930928288605,0.008743950725912891,0.0050043994720633525,0.02865156181258249,0.0034095908490981083,0.007644082710074791,0.003794544654641443,0.006544214694236692,0.06357237131544215,0.007919049714034315,0.00863396392432908,0.006324241091069072,0.017542894852617685,0.02788165420149582,0.034370875494940605,0.009238891333040036,0.09013418389793225,0.0017597888253409592,0.001979762428508579,0.002034755829300484,0.0016498020237571492,0.01116366036075671,0.011768587769467664
116,0.007303278238427324,0.005546098511888419,0.0061501290428861675,0.004447861182801604,0.001757179726538905,0.0017022678600845643,0.0011531491955411564,0.02366701444182088,0.0033496238537147876,0.00351435945307781,0.025204546702542418,0.014551644610400307,0.028444346823348527,0.03267256054033277,0.005546098511888419,0.006259952775794849,0.004392949316347263,0.0041733018505299,0.009280105430783593,0.01773653286475207,0.001757179726538905,0.003953654384712536,0.0025808577233540166,0.000988413596178134,0.0008236779968151118,0.009939047828235681,0.02240404151337104,0.019987919389380045,0.006699247707429575,0.0016473559936302235,0.0014826203942672012,0.0015375322607215419,0.005875569710614464,0.015045851408489375,0.0018670034594475866,0.0006589423974520894,0.0025808577233540166,0.013837790346493878,0.013178847949041788,0.005765745977705782,0.019933007522925705,0.0034594475866234695,0.010268519026961727,0.019603536324199658,0.03453956399978035,0.0012080610619954971,0.0048322442479819885,0.001043325462632475,0.000988413596178134,0.002855417055625721,0.002745593322717039,0.004667508648618967,0.007358190104881665,0.0017022678600845643,0.006644335840975235,0.010323430893416067,0.0034045357201691285,0.0014826203942672012,0.0008785898632694525,0.0023612102575366538,0.005051891713799352,0.013123936082587447,0.013837790346493878,0.03371588600296524,0.004118389984075559,0.0026357695898083576,0.002306298391082313,0.003569271319532151,0.00280050518917138,0.0008236779968151118,0.0005491186645434078,0.0005491186645434078,0.0008236779968151118,0.000494206798089067,0.0005491186645434078,0.005765745977705782,0.005765745977705782,0.0006589423974520894,0.0007138542639064302,0.0007687661303607709,0.0075229257042446875,0.003953654384712536,0.007358190104881665,0.010982373290868156,0.005051891713799352,0.009335017297237933,0.009225193564329251,0.008895722365603207,0.008566251166877162,0.00494206798089067,0.028609082422711547,0.0034045357201691285,0.0076327494371533685,0.0038438306518038547,0.006534512108066553,0.06391741255285267,0.007907308769425072,0.008621163033331504,0.00631486464224919,0.017352149799571687,0.027730492559442096,0.034100269068145624,0.009225193564329251,0.09022019658448191,0.001812091592993246,0.0019219153259019274,0.002031739058810609,0.0016473559936302235,0.01120202075668552,0.011751139421228927
117,0.007276507276507277,0.00547105810263705,0.006182295655979867,0.00437684648210964,0.001750738592843856,0.0016960280118174856,0.0011489222015537805,0.023744392165444796,0.003392056023634971,0.003392056023634971,0.02538570959623591,0.0142794616478827,0.0285589232957654,0.03299048035890141,0.005580479264689791,0.006291716818032607,0.00443155706313601,0.004103293576977788,0.009246088193456615,0.017835649414596783,0.001750738592843856,0.003939161833898676,0.002516686727213043,0.000984790458474669,0.0008206587153955575,0.009683772841667578,0.022267206477732792,0.019969362074625234,0.006784112047269942,0.001641317430791115,0.0014771856877120034,0.001531896268738374,0.005799321588795273,0.015154830944304629,0.0018054491738702266,0.0006018163912900755,0.002516686727213043,0.013951198161724477,0.013239960608381661,0.005635189845716162,0.019859940912572493,0.0034467666046613414,0.010285589232957654,0.019422256264361528,0.034303534303534305,0.001203632782580151,0.004814531130320604,0.0010395010395010396,0.000984790458474669,0.0027902396323448955,0.0027902396323448955,0.004705109968267863,0.007331217857533647,0.0016960280118174856,0.00656526972316446,0.010340299813984025,0.003392056023634971,0.0014771856877120034,0.0008206587153955575,0.002297844403107561,0.004814531130320604,0.01318525002735529,0.014005908742750848,0.03364700733121786,0.004048582995951417,0.002626107889265784,0.0023525549841339317,0.003501477185687712,0.0028996607943976363,0.0008206587153955575,0.000547105810263705,0.000547105810263705,0.0008206587153955575,0.0004923952292373345,0.0004923952292373345,0.005744611007768903,0.005744611007768903,0.0006018163912900755,0.000656526972316446,0.000765948134369187,0.007550060181639129,0.0039938724149250465,0.007385928438560017,0.011051537367326841,0.005033373454426086,0.009355509355509356,0.009081956450377503,0.00886311412627202,0.00875369296421928,0.005033373454426086,0.028668344457818143,0.0034467666046613414,0.0076047707626655,0.0037750300908195645,0.006455848561111719,0.06428493270598534,0.007933034248823722,0.008534850640113799,0.006291716818032607,0.017780938833570414,0.02746471167523799,0.03435824488456067,0.009410219936535727,0.09043659043659044,0.0018054491738702266,0.001969580916949338,0.0020242914979757085,0.001641317430791115,0.011215669110405953,0.011708064339643286
118,0.0073673870333988214,0.005457323728443571,0.006166775813141235,0.004365858982754857,0.0017463435931019428,0.0016917703558175072,0.0010914647456887142,0.02379393145601397,0.0033289674743505783,0.0033835407116350144,0.025431128574547043,0.01413446845666885,0.028814669286182055,0.03296223531979917,0.005566470203012442,0.006221349050425672,0.0044204322200392925,0.004038419559048243,0.009277450338354072,0.01784544859201048,0.0016917703558175072,0.003929273084479371,0.002455795677799607,0.0010368915084042786,0.0008185985592665357,0.009495743287491814,0.02237502728661864,0.01997380484610347,0.006767081423270029,0.0016371971185330713,0.0014734774066797642,0.0015280506439641999,0.005784763152150186,0.015335079676926435,0.0018009168303863784,0.0006003056101287928,0.0025103689150840426,0.014025321982099978,0.013479589609255622,0.005566470203012442,0.019810085134250165,0.0033289674743505783,0.010423488321327222,0.01948264571054355,0.03421741977734119,0.0012006112202575857,0.004802444881030343,0.0010368915084042786,0.0009823182711198428,0.0028378083387906572,0.0027286618642217856,0.004638725169177036,0.0073673870333988214,0.0016917703558175072,0.006548788474132285,0.01031434184675835,0.0033835407116350144,0.0014734774066797642,0.0008185985592665357,0.0022920759659463,0.004802444881030343,0.013315869897402313,0.013970748744815542,0.03383540711635014,0.003983846321763807,0.0026195153896529143,0.0023466492032307358,0.0034926871862038856,0.0028378083387906572,0.0008185985592665357,0.0004911591355599214,0.0004911591355599214,0.0008185985592665357,0.0004911591355599214,0.0004911591355599214,0.00573018991486575,0.00573018991486575,0.0006003056101287928,0.0006548788474132286,0.0007094520846976643,0.007585679982536564,0.0038746998471949354,0.0073673870333988214,0.011023793931456013,0.005075311067452521,0.009332023575638507,0.0091683038637852,0.008840864440078585,0.008622571490940843,0.005020737830168085,0.02848722986247544,0.00343811394891945,0.007531106745252128,0.003765553372626064,0.006330495524994543,0.06483300589390963,0.007858546168958742,0.008567998253656407,0.006275922287710107,0.017736302117441607,0.027668631303208905,0.03427199301462563,0.009332023575638507,0.09064614712944771,0.0018009168303863784,0.0019646365422396855,0.0020192097795241216,0.0016371971185330713,0.011296660117878193,0.011624099541584807
119,0.007343741500299189,0.00543980851874014,0.006146983626176359,0.004297448729804711,0.0017407387259968448,0.0016863406408094434,0.0011423597889354295,0.023880759397269215,0.003372681281618887,0.003372681281618887,0.025458303867703858,0.014306696404286568,0.028776587064135342,0.03291084153837785,0.005657400859489746,0.0063101778817385625,0.004460642985366915,0.004134254474242507,0.009030082141108633,0.01784257194146766,0.0016863406408094434,0.003971060218680302,0.0024479138334330634,0.0009791655333732253,0.000815971277811021,0.00968285916335745,0.02241201109720938,0.019964097263776313,0.006745362563237774,0.001631942555622042,0.0014687483000598378,0.0015231463852472392,0.00582059511505195,0.015231463852472394,0.0017951368111842464,0.000543980851874014,0.0025023119186204645,0.013871511722787357,0.013327530870913344,0.0055486046891149434,0.01974650492302671,0.003263885111244084,0.010281238100418866,0.0193113202415275,0.03378121090137627,0.0011967578741228309,0.004841429581678725,0.0010335636185606267,0.0009247674481858239,0.0028830985149322745,0.0027743023445574717,0.004732633411303922,0.007343741500299189,0.0017407387259968448,0.006527770222488168,0.010226840015231465,0.0034270793668062884,0.0014687483000598378,0.000815971277811021,0.002284719577870859,0.004732633411303922,0.013055540444976336,0.013708317467225154,0.033672414731001465,0.004079856389055106,0.002665506174182669,0.00233911766305826,0.003590273622368493,0.0028830985149322745,0.000815971277811021,0.0004895827666866127,0.0004895827666866127,0.000815971277811021,0.0004351846814992112,0.0004895827666866127,0.005603002774302345,0.005657400859489746,0.0005983789370614154,0.0006527770222488168,0.0007615731926236196,0.007615731926236197,0.0038078659631180984,0.0074525376706739924,0.011097209378229887,0.005113420007615732,0.00930207256704564,0.009138878311483436,0.008975684055921232,0.008812489800359027,0.005113420007615732,0.028558994723385737,0.0034270793668062884,0.007615731926236197,0.0038622640483054996,0.006473372137300767,0.06478811945819507,0.007942120437360605,0.008594897459609422,0.0063101778817385625,0.017733775771092856,0.027579829190012513,0.034433987923625085,0.00930207256704564,0.09111679268889734,0.0017951368111842464,0.0020127291519338518,0.0020127291519338518,0.001631942555622042,0.011314801718979492,0.0116411902301039
120,0.007321438255870709,0.005423287596941266,0.006182547860513043,0.004392862953522425,0.0016812191550517924,0.0016269862790823798,0.0010846575193882533,0.023591301046694508,0.0034166711860729973,0.0034166711860729973,0.025489451705623948,0.014263246379955529,0.02858072563588047,0.03302782146537231,0.005640219100818917,0.0063452464884212805,0.004501328705461251,0.00406746569770595,0.009056890286891914,0.017679917566028526,0.001735452031021205,0.004013232821736537,0.0024947122945929824,0.0010304246434188404,0.0008134931395411899,0.009816150550463691,0.022289712023428603,0.019903465480774447,0.00672487662020717,0.0016269862790823798,0.0015185205271435545,0.0015185205271435545,0.005748684852757742,0.015076739519496719,0.0018439177829600304,0.0006507945116329519,0.002548945170562395,0.01366668474429199,0.013015890232659038,0.005585986224849504,0.019469602473019144,0.003308205434134172,0.010304246434188405,0.01919843809317208,0.034004013232821734,0.0012473561472964912,0.004826725961277726,0.0010304246434188404,0.0009761917674494279,0.002874342426378871,0.0028201095504094584,0.0046640273333694885,0.007267205379901296,0.0016812191550517924,0.006453712240360106,0.010250013558218992,0.0034166711860729973,0.0014642876511741418,0.0008677260155106025,0.0023320136666847443,0.004880958837247139,0.013015890232659038,0.013612451868322576,0.03346168447312761,0.0039047670697977114,0.00265741092250122,0.0023320136666847443,0.0035251369380118226,0.002874342426378871,0.0008134931395411899,0.0005423287596941266,0.0005423287596941266,0.0008134931395411899,0.0004880958837247139,0.0005423287596941266,0.005585986224849504,0.005585986224849504,0.0005423287596941266,0.0007050273876023646,0.0007592602635717772,0.0074841368837789465,0.003958999945767124,0.0074299040078095345,0.011117739573729595,0.00509789034112479,0.009328054666738977,0.009219588914800151,0.008948424534953089,0.00878572590704485,0.005043657465155377,0.02890612289169695,0.0034166711860729973,0.007701068387656597,0.0039047670697977114,0.006562177992298932,0.06524214979120342,0.007917999891534248,0.0085687944031672,0.0062910136124518685,0.018059547697814416,0.02755030099246163,0.03454634199251586,0.009328054666738977,0.09132816313249091,0.001735452031021205,0.0019523835348988557,0.0020066164108682684,0.0016269862790823798,0.011171972449699008,0.011714301209393135
121,0.007228005825556934,0.005447974540158585,0.006257079669885107,0.004369167700523221,0.0017260909434165812,0.001672150601434813,0.0011327471816171314,0.023140406710178543,0.0033982415448513942,0.003883704622687308,0.025136199363503964,0.014941474728949782,0.02815685851448298,0.032418145531042664,0.005609795566103889,0.006364960353848643,0.004530988726468526,0.004153406332596149,0.009008037110955283,0.017476670802092885,0.0018339716273801177,0.003883704622687308,0.0027509574410701765,0.0010788068396353633,0.0009169858136900588,0.01024866497653595,0.02179189816063434,0.019526403797400074,0.006904363773666325,0.0017260909434165812,0.0015642699174712768,0.001618210259453045,0.00587949727601273,0.014941474728949782,0.001995792653325422,0.0009169858136900588,0.002912778467015481,0.013592966179405577,0.012999622417606127,0.00587949727601273,0.01936458277145477,0.0031824801769243217,0.010194724634554182,0.01936458277145477,0.03387453476455041,0.001294568207562436,0.004962511462322671,0.0010788068396353633,0.0010248664976535951,0.002912778467015481,0.002858838125033713,0.004746750094395598,0.007335886509520471,0.0017260909434165812,0.0064189006958304115,0.010356545660499488,0.0035061222288149305,0.0015642699174712768,0.0012406278655806677,0.0024273153891795672,0.005447974540158585,0.01294568207562436,0.013592966179405577,0.03360483305464157,0.003937644964669076,0.0026970170990884084,0.002319434705216031,0.0035061222288149305,0.0028048977830519447,0.0008630454717082906,0.0007551647877447543,0.0008091051297265225,0.0008630454717082906,0.0007012244457629862,0.0007551647877447543,0.005501914882140353,0.005501914882140353,0.000647284103781218,0.0007012244457629862,0.0008630454717082906,0.00765952856141108,0.0037218835967420035,0.007497707535465775,0.011111710448244242,0.005070392146286207,0.009277738820864124,0.009061977452937051,0.008846216085009979,0.008738335401046442,0.005124332488267975,0.028588381250337126,0.0034521818868331624,0.00765952856141108,0.00382976428070554,0.006634662063757484,0.06424294730028589,0.007767409245374616,0.008630454717082906,0.006311020011866875,0.018016074221910566,0.0276174550946653,0.03441393818436809,0.00911591779491882,0.09040401316144345,0.0017260909434165812,0.001941852311343654,0.001995792653325422,0.001618210259453045,0.01116565079022601,0.01148929284211662
122,0.007585130991446554,0.005594706546882565,0.0062402496099844,0.004518801441712841,0.0016676529130130722,0.001613857657754586,0.001075905105169724,0.02334714078218301,0.0033353058260261444,0.004088439399644951,0.025391360482005486,0.01586960030125343,0.028134918500188285,0.03254612943138415,0.005648501802141051,0.0063478401205013715,0.004626391952229814,0.004088439399644951,0.009037602883425682,0.017537253214266503,0.0018290386787885309,0.003765667868094034,0.002958739039216741,0.0011834956156866964,0.0009145193393942654,0.01049007477540481,0.022432621442788746,0.01979665393512292,0.006724406907310776,0.001613857657754586,0.0015062671472376137,0.0015062671472376137,0.005702297057399538,0.014739899940825219,0.0019366291893055032,0.001075905105169724,0.0030125342944752275,0.013717790090913982,0.012964656517295175,0.005971273333691968,0.019204906127279573,0.0032815105707676585,0.010005917478078434,0.019366291893055033,0.033514444026036906,0.001291086126203669,0.004895368228522244,0.001075905105169724,0.0009683145946527516,0.00268976276292431,0.002582172252407338,0.004733982462746786,0.007477540480929582,0.0016676529130130722,0.0063478401205013715,0.010651460541180269,0.003496691591801603,0.0015062671472376137,0.0014524718919791274,0.0025283769971488515,0.005971273333691968,0.01301845177255366,0.013825380601430954,0.03270751519715961,0.003927053633869492,0.002582172252407338,0.002313195976114907,0.0033353058260261444,0.002743558018182796,0.000806928828877293,0.0008607240841357792,0.0008607240841357792,0.000806928828877293,0.000806928828877293,0.0008607240841357792,0.005487116036365592,0.005487116036365592,0.0006455430631018345,0.0007531335736188069,0.0009145193393942654,0.007531335736188068,0.003927053633869492,0.007477540480929582,0.011297003604282102,0.005110549249556189,0.009145193393942654,0.00893001237290871,0.009037602883425682,0.008822421862391737,0.005164344504814676,0.027919737479154338,0.0033891010812846308,0.007477540480929582,0.0036580773575770617,0.006616816396793803,0.06347840120501372,0.007854107267738985,0.008661036096616278,0.006401635375759858,0.01855936306417774,0.027650761202861907,0.03437516811017268,0.00919898864920114,0.08935391898434558,0.0017214481682715584,0.0019366291893055032,0.0019366291893055032,0.001613857657754586,0.010866641562214212,0.011297003604282102
123,0.007797795106211347,0.005700457112126916,0.006238236084969078,0.00451734337187416,0.001667114815810702,0.0016133369185264857,0.0010755579456843238,0.023070717934928743,0.0032804517343371876,0.004571121269158376,0.025383167518150042,0.016563592363538587,0.028179618176929284,0.03210540467867706,0.0056466792148427,0.006399569776821727,0.004624899166442592,0.004140898090884647,0.009142242538316752,0.01720892713094918,0.0018822264049475664,0.0036031191180424848,0.0032266738370529714,0.0012906695348211886,0.0009142242538316751,0.010809357354127453,0.02199515998924442,0.019413820919602042,0.006668459263242808,0.001667114815810702,0.0015595590212422695,0.0015595590212422695,0.0058080129066953486,0.014573810164022587,0.001989782199515999,0.0015057811239580533,0.003334229631621404,0.01355203011562248,0.012852917450927669,0.006238236084969078,0.019144931433180964,0.003334229631621404,0.009895133100295779,0.019682710406023124,0.03339607421349825,0.0012906695348211886,0.004840010755579457,0.0010755579456843238,0.0009680021511158913,0.002581339069642377,0.0024737832750739448,0.004732454961011025,0.007582683517074482,0.001667114815810702,0.006238236084969078,0.010648023662274806,0.00338800752890562,0.0015057811239580533,0.001989782199515999,0.002581339069642377,0.006668459263242808,0.01312180693734875,0.013874697499327777,0.03258940575423501,0.003764452809895133,0.002581339069642377,0.00225867168593708,0.0031728959397687552,0.002581339069642377,0.0008066684592632429,0.00112933584296854,0.0011831137402527562,0.0008066684592632429,0.0010755579456843238,0.0011831137402527562,0.005431567625705835,0.005485345522990051,0.0006991126646948105,0.0008066684592632429,0.0010217800484001076,0.007636461414358698,0.0036031191180424848,0.00747512772250605,0.0112933584296854,0.005108900242000538,0.00903468674374832,0.00887335305189567,0.00903468674374832,0.008712019360043023,0.0052164560365689705,0.02737294971766604,0.003334229631621404,0.007367571927937617,0.0035493412207582686,0.006453347674105943,0.06259747243882764,0.00747512772250605,0.008712019360043023,0.006507125571390159,0.0189298198440441,0.02764183920408712,0.03441785426189836,0.009142242538316752,0.0887335305189567,0.001720892713094918,0.0019360043022317826,0.0019360043022317826,0.0016133369185264857,0.01086313525141167,0.011078246840548535
124,0.007849040374173432,0.005698618353851943,0.006236223858932316,0.0045696467931831625,0.0016665770657491533,0.0016665770657491533,0.0011289715606687812,0.023009515617439923,0.003279393580990269,0.004784688995215311,0.025482500940809633,0.016719531207999568,0.02806300736519542,0.03214880920380625,0.005644857803343907,0.00634374495994839,0.004677167894199237,0.004139562389118865,0.00903177248535025,0.01709585506155583,0.0019353798182893394,0.0034944357830224183,0.003279393580990269,0.00134401376270093,0.0009676899091446697,0.01096715230363959,0.02188054405677114,0.019300037632385355,0.006827589914520725,0.0017203376162571904,0.001559055964733079,0.001612816515241116,0.0059136605558840925,0.014354066985645933,0.0020429009193054137,0.001612816515241116,0.003440675232514381,0.013493898177517338,0.012795011020912855,0.0063975055104564275,0.01908499543035321,0.0033331541314983067,0.009945701843986882,0.01973012203644965,0.033170259663458955,0.00134401376270093,0.004784688995215311,0.0011289715606687812,0.0010214504596527069,0.002580506424385786,0.0024729853233697112,0.004784688995215311,0.007580237621633246,0.0016665770657491533,0.0062899844094403525,0.010698349551099403,0.003440675232514381,0.001559055964733079,0.002096661469813451,0.002580506424385786,0.006827589914520725,0.013117574323961077,0.013977743132089673,0.03225633030482232,0.003763238535562604,0.002580506424385786,0.0023117036718455996,0.003118111929466158,0.0025267458738777483,0.0008601688081285952,0.0012364926616848556,0.001290253212192893,0.000806408257620558,0.0011289715606687812,0.0012364926616848556,0.0054298156013117575,0.0054298156013117575,0.0006988871566044836,0.000806408257620558,0.0010214504596527069,0.007418955970109134,0.0036557174345465296,0.007472716520617171,0.011450997258211923,0.005214773399279608,0.00903177248535025,0.008816730283318102,0.008978011934842213,0.008762969732810063,0.005268533949787646,0.02725659910757486,0.0033331541314983067,0.007418955970109134,0.003440675232514381,0.006451266060964464,0.06193215418525886,0.0072576743185850225,0.008762969732810063,0.006505026611472502,0.01897747432933713,0.027740444062147197,0.03435299177463577,0.009193054136874362,0.08822106338368906,0.0017740981667652277,0.0019353798182893394,0.0019353798182893394,0.001612816515241116,0.010859631202623515,0.011074673404655663
125,0.007786907255249449,0.005746200526287525,0.00622952580419956,0.004564738735835884,0.0016647870683636754,0.0016110842597067826,0.001127758981794748,0.023038504913806993,0.003329574136727351,0.004833252779120348,0.025401428494710273,0.016862681918264327,0.02792546050158423,0.03184576553353741,0.005638794908973739,0.006336931421513346,0.004725847161806562,0.004188819075237635,0.00896836904570109,0.017077493152891896,0.0019333011116481392,0.003544385371354922,0.0033832769453842437,0.0013425702164223188,0.0009666505558240696,0.011116481391976801,0.02201815154932603,0.019386713925138285,0.00682025669942538,0.0017184898770205683,0.0016110842597067826,0.0016647870683636754,0.0060147145695719885,0.014284947102733474,0.002040706728961925,0.0016110842597067826,0.0034369797540411366,0.013264593738252511,0.012673862843026691,0.006498039847484024,0.019225605499167606,0.0033832769453842437,0.009827613984211375,0.01970893077707964,0.03324203855861661,0.0013425702164223188,0.004779549970463455,0.001127758981794748,0.0010203533644809624,0.0025777348155308524,0.0024703291982170667,0.004833252779120348,0.007733204446592557,0.0016647870683636754,0.006283228612856452,0.01090167015734923,0.0034369797540411366,0.00155738145104989,0.00214811234627571,0.002631437624187745,0.00682025669942538,0.01304978250362494,0.013694216207507652,0.03195317115085119,0.0037591966059824927,0.0025777348155308524,0.0023092207722463886,0.00311476290209978,0.0025240320068739596,0.0008592449385102841,0.0012888674077654262,0.0012888674077654262,0.0008592449385102841,0.0011814617904516405,0.0012888674077654262,0.005423983674346169,0.005477686483003061,0.0007518393211964986,0.0008055421298533913,0.0010203533644809624,0.007464690403308093,0.0035980881800118146,0.007464690403308093,0.01149240105257505,0.00526287524837549,0.009022071854357983,0.00875355781107352,0.008860963428387304,0.008699855002416627,0.00526287524837549,0.02728102679770152,0.003329574136727351,0.007410987594651201,0.0034369797540411366,0.006498039847484024,0.06181193276408356,0.007357284785994307,0.00875355781107352,0.006498039847484024,0.019171902690510712,0.027603243649642877,0.03420868911444069,0.009236883088985555,0.0882337146232748,0.001772192685677461,0.0018795983029912464,0.0019333011116481392,0.0016110842597067826,0.010847967348692337,0.011062778583319907
126,0.007833038253125167,0.0056870003755566285,0.006223509844948763,0.004560330489833146,0.0017168303020548314,0.0016095284081764044,0.0011266698857234831,0.022748001502226514,0.0033263587102312355,0.004989538065346854,0.025376897902247973,0.017061001126669886,0.02773753956757337,0.03192231342883202,0.005579698481678202,0.006223509844948763,0.004667632383711573,0.004184773861258651,0.008906057191909436,0.01695369923279146,0.0019850850367508985,0.003487311551048876,0.003487311551048876,0.0013949246204195504,0.0009657170449058426,0.011374000751113257,0.021782284457320673,0.019099737110359997,0.006813670261280111,0.0017168303020548314,0.0016095284081764044,0.0016631793551156178,0.005955255110252696,0.014217500938891571,0.0020387359836901123,0.0017704812489940447,0.003594613444927303,0.013251783893985729,0.012554321583775953,0.006491764579644831,0.019046086163420784,0.0033263587102312355,0.009764472342936852,0.019743548473630558,0.03320993615537314,0.0013412736734803369,0.004828585224529213,0.0011266698857234831,0.0010193679918450561,0.002575245453082247,0.0024142926122646064,0.004828585224529213,0.007672085412307527,0.0017168303020548314,0.006277160791887977,0.010783840334781908,0.0033263587102312355,0.0016095284081764044,0.002360641665325393,0.0026825473469606737,0.007081924995976179,0.013037180106228875,0.013734642416438651,0.03213691721658887,0.0036482643918665163,0.002575245453082247,0.0022533397714469662,0.0031117549224743816,0.0024679435592038198,0.0009120660979666291,0.0013412736734803369,0.0013949246204195504,0.0008584151510274157,0.0012876227265411235,0.0013412736734803369,0.005365094693921347,0.005418745640860561,0.0007511132571489887,0.0008047642040882022,0.0010730189387842695,0.0074574816245506735,0.003594613444927303,0.0072965287837330325,0.011320349804174044,0.005257792800042921,0.00895970813884865,0.008691453404152583,0.008745104351091796,0.00863780245721337,0.005204141853103707,0.027093728204302805,0.003380009657170449,0.00740383067761146,0.003380009657170449,0.006545415526584044,0.06180589087397392,0.0072965287837330325,0.008691453404152583,0.006545415526584044,0.019528944685873705,0.027630237673694942,0.03444390793497505,0.009281613820483932,0.08857771339664144,0.0017704812489940447,0.001931434089811685,0.0019850850367508985,0.0016631793551156178,0.01094479317559955,0.010998444122538763
127,0.007674555895454301,0.005688831642784308,0.006225513873235657,0.0045081307357913375,0.0017173831374443192,0.0016100466913540493,0.0010733644609026995,0.0228626630172275,0.0033274298287983683,0.0050448129662426875,0.025331401277303708,0.016959158482262652,0.027853807760425054,0.03182525626576504,0.0056351634197391726,0.006279182096280792,0.004722803627971878,0.004078784951430258,0.00885525680244727,0.017066494928352924,0.001985724252669994,0.0034884344979337735,0.0034347662748886384,0.0013417055761283743,0.0009660280148124296,0.01143133150861375,0.0217892985563248,0.019105887404068052,0.006815864326732142,0.0017173831374443192,0.0016100466913540493,0.0016637149143991841,0.006064509204100252,0.014222079106960769,0.002039392475715129,0.0017173831374443192,0.0035957709440240433,0.013309719315193473,0.01261203241560672,0.006493854988461332,0.019052219181022918,0.0033274298287983683,0.0098212848172597,0.019696237857564535,0.032952288949712874,0.0013953737991735094,0.004830140074062148,0.0011270326839478344,0.0010196962378575644,0.002629742929211614,0.002415070037031074,0.004883808297107283,0.0077282241184994365,0.0016637149143991841,0.0061718456501905225,0.010733644609026994,0.0033274298287983683,0.0016100466913540493,0.0022540653678956688,0.0026834111522567486,0.006923200772822412,0.012987709976922664,0.013739065099554554,0.03209359738099071,0.0036494391670691784,0.002576074706166479,0.0022540653678956688,0.0031127569366178284,0.0025224064831213438,0.0009123597917672946,0.0013417055761283743,0.0013953737991735094,0.0008586915687221596,0.0012880373530832394,0.0013417055761283743,0.005366822304513497,0.005474158750603767,0.0007513551226318897,0.0008586915687221596,0.0010733644609026995,0.007245210111093222,0.0036494391670691784,0.007406214780228627,0.011484999731658885,0.005259485858423228,0.009016261471582675,0.008747920356357,0.008801588579402136,0.008694252133311866,0.005313154081468363,0.0273171255299737,0.0033810980518435034,0.007459883003273762,0.0034347662748886384,0.006547523211506467,0.061718456501905224,0.007245210111093222,0.00864058391026673,0.006440186765416197,0.019374228519293726,0.027800139537379916,0.03450866741802179,0.009338270809853486,0.08860623624751784,0.001771051360489454,0.0019320560296248591,0.0019320560296248591,0.0016100466913540493,0.01078731283207213,0.010948317501207535
128,0.007707954180494594,0.005620383256610641,0.00620918531206509,0.004496306605288513,0.0016593512471898084,0.0016058237876030404,0.0010705491917353603,0.02290975270313671,0.003318702494379617,0.004924526281982657,0.0252649609249545,0.01696820468900546,0.027887806444706134,0.0317953109945402,0.005620383256610641,0.006262712771651857,0.004710416443635585,0.004068086928594369,0.008778503372229953,0.017342896906112838,0.0019805160047104164,0.0034792848731399206,0.003532812332726689,0.0012846590300824323,0.0009634942725618242,0.011454876351568355,0.021946258430574885,0.019483995289583556,0.0070120972058666095,0.0017128787067765764,0.0016058237876030404,0.0016058237876030404,0.006048602933304785,0.014452414088427363,0.0020340434642971846,0.0017128787067765764,0.003532812332726689,0.013435392356278771,0.012900117760411091,0.006530350069585697,0.018948720693715875,0.003318702494379617,0.009795525104378547,0.019591050208757094,0.032705277807515254,0.0013917139492559683,0.004870998822395889,0.0011240766513221283,0.0010170217321485923,0.0025693180601648645,0.0024622631409913285,0.004870998822395889,0.007707954180494594,0.0016593512471898084,0.006102130392891553,0.010705491917353602,0.0032651750347928487,0.0016058237876030404,0.0022481533026442566,0.0026763729793384005,0.0067979873675195375,0.013114227598758164,0.013703029654212611,0.03211647575206081,0.003693394711486993,0.0026763729793384005,0.0023552082218177926,0.0031581201156193127,0.0025157906005780968,0.0009099668129750562,0.0013381864896692003,0.0013917139492559683,0.0008564393533882882,0.0012311315704956643,0.0013381864896692003,0.005352745958676801,0.005352745958676801,0.0007493844342147521,0.0008564393533882882,0.0010170217321485923,0.00727973450380045,0.003425757413553153,0.007493844342147522,0.011454876351568355,0.005299218499090033,0.008939085750990257,0.008724975912643186,0.00888555829140349,0.008671448453056419,0.0052456910395032655,0.02719194947007815,0.0034792848731399206,0.007386789422973986,0.003425757413553153,0.0065838775291724655,0.06166363344395675,0.007333261963387218,0.008724975912643186,0.006476822609998929,0.019591050208757094,0.027566641687185527,0.0344716839738786,0.009206723048924097,0.08848089069692752,0.0017128787067765764,0.0018734610855368804,0.0019269885451236484,0.0016058237876030404,0.010866074296113906,0.010919601755700675
129,0.007536076964190273,0.005558524853019776,0.00609299839657937,0.0044895777659005875,0.0017637626937466596,0.0016568679850347409,0.0011223944414751469,0.022928915018706576,0.003367183324425441,0.004810261892036344,0.02506680919294495,0.016622127204703366,0.02768572955638696,0.03169428113308391,0.005558524853019776,0.006253340459647248,0.004649919828968466,0.0040619989310529125,0.008658471405665419,0.017477284874398716,0.001977552111170497,0.0035809727418492786,0.003367183324425441,0.0012292891501870656,0.0009620523784072689,0.011384286477819349,0.022020309994655266,0.01961517904863709,0.00689470871191876,0.0016568679850347409,0.001549973276322822,0.0016034206306787815,0.00603955104222341,0.01475146980224479,0.001977552111170497,0.0016034206306787815,0.00347407803313736,0.013629075360769643,0.01304115446285409,0.006467129877071085,0.019080705505077497,0.0032602886157135223,0.009834313201496525,0.019401389631213253,0.032870122928915016,0.0013361838588989846,0.004810261892036344,0.0011223944414751469,0.0010154997327632281,0.00261892036344201,0.00256547300908605,0.0049171566007482626,0.00780331373597007,0.0017103153393907002,0.00609299839657937,0.010849812934259755,0.003206841261357563,0.001549973276322822,0.0021913415285943344,0.00261892036344201,0.006680919294494923,0.013308391234633886,0.013735970069481561,0.03260288615713522,0.003634420096205238,0.002672367717797969,0.0023516835916622125,0.0031533939070016036,0.00256547300908605,0.0008551576696953501,0.001282736504543025,0.0013361838588989846,0.0008551576696953501,0.0011758417958311063,0.001282736504543025,0.005344735435595938,0.005398182789951898,0.000694815606627472,0.0008551576696953501,0.0010154997327632281,0.007322287546766435,0.0033137359700694817,0.007375734901122395,0.011544628540887227,0.005344735435595938,0.008979155531801175,0.008711918760021378,0.008765366114377338,0.0085515766969535,0.005291288081239979,0.027418492784607163,0.0034206306787814005,0.007375734901122395,0.0035275253874933192,0.006574024585783004,0.061678246926777126,0.007375734901122395,0.008658471405665419,0.006413682522715126,0.01956173169428113,0.027418492784607163,0.03425975414216996,0.009567076429716728,0.08861571352218066,0.001817210048102619,0.001977552111170497,0.0020309994655264563,0.0016568679850347409,0.010796365579903796,0.011117049706039552
130,0.0077866666666666666,0.005493333333333334,0.00608,0.004426666666666666,0.00176,0.0017066666666666667,0.00112,0.02288,0.00336,0.004746666666666666,0.02528,0.01664,0.028106666666666665,0.032053333333333336,0.005546666666666667,0.006186666666666667,0.004693333333333333,0.004053333333333333,0.00848,0.017653333333333333,0.00192,0.0035733333333333333,0.0033066666666666665,0.0012266666666666667,0.00096,0.01104,0.0216,0.01952,0.00672,0.0016533333333333333,0.0014933333333333333,0.0015466666666666667,0.00576,0.014826666666666667,0.00192,0.0015466666666666667,0.00336,0.013866666666666666,0.01328,0.00624,0.019093333333333334,0.0032,0.009866666666666666,0.019146666666666666,0.03274666666666667,0.0013333333333333333,0.004853333333333334,0.0010666666666666667,0.00096,0.0026133333333333334,0.0024533333333333334,0.004906666666666667,0.00768,0.0017066666666666667,0.00608,0.010773333333333333,0.0033066666666666665,0.0014933333333333333,0.0021333333333333334,0.00256,0.00656,0.01328,0.013653333333333333,0.03301333333333333,0.0037333333333333333,0.00272,0.0023466666666666666,0.0032,0.00256,0.0008533333333333333,0.0012266666666666667,0.0012266666666666667,0.0008,0.00112,0.0012266666666666667,0.005386666666666666,0.005333333333333333,0.0007466666666666666,0.0008,0.00096,0.007253333333333333,0.0034133333333333333,0.00736,0.011573333333333333,0.00528,0.008906666666666667,0.008746666666666666,0.008746666666666666,0.008586666666666666,0.00528,0.027413333333333335,0.0034666666666666665,0.007306666666666667,0.0034666666666666665,0.006613333333333333,0.0624,0.007413333333333333,0.008586666666666666,0.0064533333333333335,0.019786666666666668,0.02736,0.03408,0.009653333333333333,0.08928,0.0018133333333333332,0.0019733333333333334,0.0020266666666666666,0.0016533333333333333,0.010826666666666667,0.011146666666666666
131,0.00818278427205101,0.005472901168969182,0.006057385759829968,0.004463336875664187,0.0017534537725823593,0.0017003188097768332,0.0011158342189160468,0.02279489904357067,0.0033475026567481403,0.004410201912858661,0.025292242295430395,0.015727948990435708,0.028267800212539853,0.03235919234856536,0.005526036131774708,0.0061636556854410204,0.004675876726886291,0.004091392136025505,0.00844845908607864,0.017747077577045696,0.0019128586609989374,0.0035600425079702442,0.002922422954303932,0.0011689691817215729,0.0009032943676939426,0.01073326248671626,0.021413390010626993,0.019659936238044632,0.0066418703506907545,0.001647183846971307,0.001487778958554729,0.0015409139213602551,0.005738575982996812,0.015409139213602551,0.0019128586609989374,0.0012752391073326248,0.0031349628055260363,0.014293304994686503,0.013655685441020192,0.006057385759829968,0.01891604675876727,0.003028692879914984,0.009936238044633368,0.01907545164718385,0.032996811902231665,0.001328374070138151,0.0047290116896918175,0.0010626992561105207,0.0010095642933049948,0.0026036131774707758,0.0025504782146652497,0.004941551540913921,0.007757704569606802,0.0017003188097768332,0.006057385759829968,0.011158342189160468,0.0033475026567481403,0.001487778958554729,0.0017534537725823593,0.0024442082890541975,0.0062167906482465465,0.01354941551540914,0.013974495217853348,0.033687566418703505,0.0037725823591923486,0.002709883103081828,0.0023379383634431457,0.003241232731137088,0.0025504782146652497,0.0008501594048884166,0.0010095642933049948,0.0010626992561105207,0.0007970244420828905,0.0009564293304994687,0.0010626992561105207,0.0052072263549415515,0.005260361317747078,0.0006376195536663124,0.0007970244420828905,0.0009564293304994687,0.007492029755579171,0.0036131774707757703,0.007385759829968119,0.011636556854410202,0.0052072263549415515,0.008873538788522848,0.008607863974495217,0.008926673751328374,0.008767268862911796,0.005313496280552604,0.027258235919234857,0.0034006376195536664,0.0071200850159404885,0.0035069075451647186,0.006535600425079702,0.0626461211477152,0.007226354941551541,0.00871413390010627,0.006535600425079702,0.020191285866099893,0.02736450584484591,0.03405951115834219,0.00977683315621679,0.08926673751328375,0.0018065887353878852,0.0019659936238044635,0.0020191285866099896,0.001647183846971307,0.010839532412327312,0.011105207226354942
132,0.008301846628705232,0.005481347453568198,0.0061731680059603005,0.0045234420733329785,0.001756159863764568,0.0016497259326273216,0.0011175562769410888,0.022830078228939385,0.0033526688308232666,0.003991272417646746,0.025278058645096056,0.01511361822148901,0.028204991751370336,0.03219626416901708,0.005640998350274067,0.006279601937097546,0.004736309935607472,0.004044489383215369,0.008461497525411102,0.017934117396626044,0.0018093768293331914,0.0036719706242350062,0.0027140652439997873,0.0011175562769410888,0.0008514714490979725,0.010324091320312916,0.021233569261880688,0.01969027726039061,0.0065989037305092865,0.0015965089670586983,0.0014900750359214518,0.0014900750359214518,0.005747432281411314,0.015645787877175243,0.001915810760470438,0.0011175562769410888,0.0029269331062742802,0.014421797669096908,0.013836411047842051,0.006119951040391677,0.019104890639135758,0.0029801500718429036,0.009951572561332552,0.01931775850141025,0.03320738651482093,0.0012772071736469586,0.004842743866744719,0.0010643393113724654,0.000957905380235219,0.0027140652439997873,0.0026076313128625406,0.004895960832313341,0.007822893938587622,0.001702942898195945,0.0060135171092544305,0.011122345803842264,0.00340588579639189,0.0014368580703528284,0.0014368580703528284,0.0023415464850194243,0.005747432281411314,0.013570326219998936,0.013889628013410675,0.034058857963918894,0.003831621520940876,0.0027140652439997873,0.0023947634505880476,0.0032994518652546432,0.002660848278431164,0.0008514714490979725,0.0009046884146665957,0.0009046884146665957,0.0007982544835293491,0.0007982544835293491,0.0009046884146665957,0.005215262625725081,0.005321696556862328,0.0006386035868234793,0.0007982544835293491,0.0008514714490979725,0.007556809110744505,0.0036719706242350062,0.007556809110744505,0.011707732425097121,0.005162045660156458,0.00894045021552871,0.008727582353254217,0.00910010111223458,0.008834016284391464,0.005321696556862328,0.027513171198978233,0.00340588579639189,0.007131073386195519,0.0035655366930977595,0.006386035868234793,0.06279601937097547,0.007290724282901389,0.008674365387685594,0.006545686764940663,0.02000957905380235,0.02724708637113512,0.03395242403278165,0.009685487733489437,0.09009632270767921,0.001756159863764568,0.0019690277260390613,0.0019690277260390613,0.0016497259326273216,0.010856260975999149,0.011175562769410887
133,0.008466453674121405,0.005484558040468584,0.006123535676251331,0.0044728434504792336,0.001757188498402556,0.0017039403620873268,0.0011182108626198084,0.022896698615548456,0.0034078807241746537,0.003727369542066028,0.025133120340788073,0.014536741214057508,0.028008519701810435,0.03232161874334398,0.005591054313099041,0.006283280085197018,0.0048455804046858356,0.003993610223642172,0.008413205537806176,0.018264110756123535,0.001810436634717785,0.003727369542066028,0.0025559105431309905,0.0010117145899893503,0.0008519701810436634,0.01033013844515442,0.021512247071352502,0.019968051118210862,0.006762513312034079,0.001597444089456869,0.001490947816826411,0.001490947816826411,0.005804046858359957,0.01592119275825346,0.001863684771033014,0.0008519701810436634,0.0026624068157614484,0.014589989350372737,0.014057507987220448,0.005963791267305644,0.019222577209797656,0.0030351437699680513,0.009904153354632588,0.01906283280085197,0.03317358892438765,0.0012779552715654952,0.0048455804046858356,0.0010649627263045794,0.0010117145899893503,0.0028221512247071355,0.002715654952076677,0.004952076677316294,0.007933972310969116,0.001757188498402556,0.006017039403620873,0.011395101171459,0.0034078807241746537,0.001437699680511182,0.0011182108626198084,0.0023429179978700747,0.00516506922257721,0.013578274760383386,0.01389776357827476,0.03423855165069223,0.003993610223642172,0.0027689030883919063,0.0024494142705005326,0.003354632587859425,0.002715654952076677,0.0008519701810436634,0.0006922257720979766,0.0006922257720979766,0.0008519701810436634,0.0006389776357827476,0.0006922257720979766,0.005271565495207668,0.005271565495207668,0.0006922257720979766,0.0007454739084132055,0.0007454739084132055,0.007348242811501597,0.0035676251331203408,0.007507987220447284,0.011980830670926517,0.005218317358892438,0.008892438764643237,0.008679446219382322,0.008998935037273696,0.00878594249201278,0.0053780617678381255,0.027635782747603834,0.003461128860489883,0.00718849840255591,0.00362087326943557,0.006389776357827476,0.06224707135250266,0.007348242811501597,0.008679446219382322,0.006602768903088392,0.020394036208732695,0.02726304579339723,0.03391906283280085,0.00979765708200213,0.09030883919062833,0.001810436634717785,0.001970181043663472,0.0020234291799787005,0.001650692225772098,0.010915867944621939,0.011235356762513311
134,0.008690552356579229,0.005544892301130305,0.006131371294519087,0.004478566858605247,0.0017594369801663468,0.0017061207080400938,0.0011196417146513116,0.023192578374920024,0.0034122414160801876,0.0033589251439539347,0.025325229259970144,0.014022179569204521,0.02831094049904031,0.03262955854126679,0.005598208573256558,0.006238003838771593,0.0047984644913627635,0.0041053529537214755,0.008477287268074216,0.018554062699936022,0.0017061207080400938,0.003785455320963958,0.0023992322456813818,0.0009063766261462998,0.000799744081893794,0.009916826615483045,0.02180635529963745,0.020206867135849862,0.006664534015781616,0.001492855619535082,0.0013862230752825762,0.0014395393474088292,0.005864789933887823,0.016101514182128386,0.0017594369801663468,0.0005864789933887822,0.0023992322456813818,0.01471529110684581,0.014075495841330775,0.005704841117509064,0.019193857965451054,0.0029323949669439113,0.009970142887609298,0.019033909149072298,0.03326935380678183,0.0012262742589038175,0.004851780763489017,0.0010130091703988058,0.0009596928982725527,0.002825762422691405,0.0027191298784388996,0.004958413307741522,0.00799744081893794,0.0017061207080400938,0.005918106206014076,0.01146299850714438,0.003305608871827682,0.0013862230752825762,0.000799744081893794,0.0021326508850501172,0.0046385156749840055,0.01364896566432075,0.014022179569204521,0.034122414160801876,0.0041053529537214755,0.002825762422691405,0.002505864789933888,0.003465557688206441,0.0027724461505651524,0.000799744081893794,0.0004798464491362764,0.0004798464491362764,0.000799744081893794,0.00042653017701002344,0.0004798464491362764,0.00527831094049904,0.00527831094049904,0.0006397952655150352,0.0006931115376412881,0.0006931115376412881,0.0072510130091703985,0.0036255065045851993,0.007517594369801663,0.012102793772659416,0.005224994668372787,0.00890381744508424,0.00874386862870548,0.009117082533589251,0.008850501172957987,0.005384943484751546,0.027884410322030283,0.0035721902324589465,0.00709106419279164,0.003785455320963958,0.006344636383024099,0.0627532522925997,0.007677543186180422,0.00874386862870548,0.0065579014715291106,0.020899978673491148,0.02708466624013649,0.03396246534442312,0.010023459159735551,0.09042439752612497,0.0018127532522925996,0.0020260183407976116,0.0020260183407976116,0.001652804435913841,0.010876519513755598,0.01108978460226061
135,0.00892240692548728,0.00557650432842955,0.006054490413723511,0.004514313027776303,0.0017526156460778586,0.0017526156460778586,0.00111530086568591,0.02363375643953476,0.0035052312921557173,0.0032396834669924054,0.02543948165064528,0.014127144298688193,0.028413617292474373,0.032662382495087364,0.0056296138934622125,0.0062138191088214985,0.004779860852939614,0.004089436507515003,0.008550639970258643,0.01853523819639917,0.0016995060810451963,0.003876998247384354,0.002389930426469807,0.0009028626055552605,0.0007966434754899357,0.010037707791173191,0.022412236443783526,0.020606511232673003,0.006744914759148122,0.0014870678209145467,0.0013277391258165595,0.0013277391258165595,0.005682723458494875,0.01582665037973339,0.0016995060810451963,0.0005842052153592863,0.002336820861437145,0.01449891125391683,0.013914706038557545,0.005735833023527538,0.01896011471666047,0.0028148069467311063,0.00982526953104254,0.01917255297679112,0.03340591640554464,0.0011684104307185725,0.004726751287906952,0.0010090817356205853,0.0009559721705879229,0.0028148069467311063,0.0027085878166657816,0.0049391895480376015,0.00801954431993202,0.0017526156460778586,0.0057889425885602,0.01136544691698975,0.0032396834669924054,0.0013277391258165595,0.0007966434754899357,0.0021243826013064952,0.004514313027776303,0.013649158213394233,0.01402092516862287,0.034043231185936586,0.004089436507515003,0.0028148069467311063,0.0024430399915024697,0.0034521217271230547,0.0028148069467311063,0.0007966434754899357,0.00047798608529396147,0.00047798608529396147,0.0007966434754899357,0.0004248765202612991,0.00047798608529396147,0.005098518243135589,0.005204737373200914,0.0006373147803919486,0.0006904243454246109,0.0006373147803919486,0.007116681714376759,0.0035052312921557173,0.007488448669605396,0.012108980827447022,0.005310956503266238,0.008816187795421955,0.008550639970258643,0.008975516490519943,0.008763078230389293,0.005364066068298901,0.027723192947049762,0.0035052312921557173,0.007063572149344097,0.0037176695522863666,0.006373147803919486,0.0632534919539009,0.007753996494768708,0.008816187795421955,0.006585586064050135,0.021296935578097614,0.02697965903659249,0.03367146423070795,0.010090817356205853,0.09097668490095066,0.001805725211110521,0.0020181634712411706,0.002071273036273833,0.0016463965160125338,0.010621913006532476,0.0111530086568591
136,0.009222451900143107,0.005618275295489479,0.006148301266762072,0.004505220755817035,0.0017490857051995548,0.0016960831080722956,0.001113054539672444,0.023798166110139397,0.0034981714103991097,0.0031801558276355543,0.025388244023957174,0.014257698627232734,0.028356389463083692,0.03270260242751895,0.00556527269836222,0.006201303863889331,0.0047702337414533315,0.00418720517305348,0.008586420734615996,0.018550908994540732,0.0016960831080722956,0.003816186993162665,0.0024381194678539247,0.0008480415540361478,0.0007950389569088886,0.010017490857051996,0.022526103779085174,0.020618010282503842,0.0066253246409074045,0.0014310701224359993,0.0012720623310542216,0.0013250649281814808,0.005724280489743997,0.015688768749668732,0.0016960831080722956,0.0005300259712725924,0.0023321142735994063,0.014363703821487253,0.01383367785021466,0.005777283086871257,0.01876291938304977,0.00275613505061748,0.00969947527428844,0.019186940160067844,0.033338633593046056,0.0011660571367997032,0.0048232363385805905,0.0010070493454179255,0.000901044151163407,0.0028621402448719985,0.002703132453490221,0.004982244129962368,0.008109397360470663,0.0017490857051995548,0.005724280489743997,0.011501563576615255,0.0031801558276355543,0.0013250649281814808,0.0007420363597816292,0.0021201038850903694,0.004505220755817035,0.013621667461705624,0.013992685641596439,0.03386865956431865,0.004134202575926221,0.0028621402448719985,0.002491122064981184,0.0034981714103991097,0.0028091376477447395,0.0007950389569088886,0.0004240207770180739,0.0004240207770180739,0.0007950389569088886,0.0003710181798908146,0.0004240207770180739,0.005088249324216886,0.005088249324216886,0.0006360311655271108,0.0006360311655271108,0.0006360311655271108,0.006996342820798219,0.0033921662161445912,0.007526368792070811,0.012190597339269624,0.005300259712725923,0.008692425928870515,0.008480415540361478,0.00901044151163407,0.008798431123125033,0.005406264906980442,0.027773360894683838,0.0035511740075263687,0.007049345417925478,0.003816186993162665,0.006307309058143849,0.06312609317856575,0.007897386971961627,0.008904436317379551,0.0066253246409074045,0.021996077807812583,0.026819314146393172,0.0335506439815551,0.010123496051306514,0.09121746965601314,0.001802088302326814,0.002014098690835851,0.0020671012879631104,0.0016430805109450364,0.010653522022579106,0.011077542799597181
137,0.009396114864864864,0.005648226351351352,0.006123310810810811,0.0045396959459459455,0.0017419763513513513,0.0016891891891891893,0.0011085304054054054,0.02375422297297297,0.0034839527027027027,0.003220016891891892,0.025496199324324325,0.014146959459459459,0.028399493243243243,0.03256967905405406,0.005595439189189189,0.006176097972972973,0.004856418918918919,0.004117398648648648,0.008604307432432432,0.018581081081081082,0.0016891891891891893,0.003800675675675676,0.0023754222972972973,0.0008445945945945946,0.0007918074324324325,0.010187922297297296,0.022645692567567568,0.020692567567567568,0.006651182432432432,0.0014252533783783783,0.001266891891891892,0.001319679054054054,0.005753800675675676,0.015783361486486486,0.0016891891891891893,0.0005806587837837838,0.0023226351351351353,0.014463682432432432,0.013830236486486486,0.0058065878378378375,0.018633868243243243,0.00269214527027027,0.009554476351351352,0.019108952702702704,0.033255912162162164,0.0011613175675675676,0.004803631756756757,0.001002956081081081,0.0008973817567567568,0.0028505067567567567,0.00269214527027027,0.004961993243243243,0.008129222972972973,0.0017419763513513513,0.005595439189189189,0.01171875,0.003220016891891892,0.001319679054054054,0.0007390202702702703,0.0021114864864864866,0.0045396959459459455,0.013671875,0.014094172297297296,0.033783783783783786,0.004064611486486487,0.0029032939189189188,0.0024809966216216214,0.0034839527027027027,0.0027977195945945946,0.0007918074324324325,0.0004750844594594595,0.0004750844594594595,0.0007918074324324325,0.0004222972972972973,0.0004222972972972973,0.004961993243243243,0.004961993243243243,0.000633445945945946,0.000633445945945946,0.000633445945945946,0.006809543918918919,0.003325591216216216,0.007495777027027027,0.01245777027027027,0.0053315033783783786,0.008604307432432432,0.008498733108108109,0.008973817567567568,0.00881545608108108,0.005437077702702703,0.02760768581081081,0.0035895270270270272,0.006967905405405405,0.003800675675675676,0.0063872466216216214,0.06329180743243243,0.0078125,0.008868243243243243,0.0065983952702702705,0.02222339527027027,0.02686866554054054,0.033572635135135136,0.010187922297297296,0.09116342905405406,0.0017947635135135136,0.002005912162162162,0.002058699324324324,0.001636402027027027,0.010451858108108109,0.01097972972972973
138,0.00940718940508724,0.005728400252259827,0.0061488332982972465,0.004467101114147572,0.0017342863149043515,0.0017342863149043515,0.0011036367458482237,0.023754467101114146,0.0035211267605633804,0.003310910237544671,0.025593861677527852,0.014452385957536262,0.028431784738280428,0.032636115198654614,0.005570737859995796,0.006201387429051923,0.004834980029430313,0.004151776329619508,0.008513769182257725,0.018499054025646416,0.0017342863149043515,0.003836451545091444,0.002470044145469834,0.0008934202228295144,0.0007883119613201597,0.010300609627916754,0.022650830355265925,0.020706327517342863,0.006621820475089342,0.0014189615303762876,0.0013138532688669329,0.0013138532688669329,0.005728400252259827,0.01566113096489384,0.0017342863149043515,0.0006306495690561278,0.0023649358839604793,0.014347277696026908,0.013769182257725457,0.005991170906033214,0.018288837502627706,0.002522598276224511,0.009564851797351271,0.01918225772545722,0.033003994113937354,0.0012087450073575783,0.004887534160184991,0.0010510826150935463,0.0008934202228295144,0.0028904771915072526,0.002680260668488543,0.0049926424216943455,0.007988227874710952,0.0017342863149043515,0.0054656295984864415,0.011509354635274333,0.0032583561067899935,0.0012612991381122556,0.0008408660920748371,0.00215471936094177,0.004624763506411604,0.013611519865461425,0.0141370611730082,0.03389741433676687,0.0040992221988648304,0.0028904771915072526,0.002522598276224511,0.003468572629808703,0.002785368929997898,0.0007883119613201597,0.0005255413075467731,0.0005255413075467731,0.0007357578305654825,0.00047298717679209585,0.00047298717679209585,0.0047824258986756355,0.0047824258986756355,0.0006306495690561278,0.0006832036998108052,0.0006306495690561278,0.006832036998108052,0.003153247845280639,0.007515240697918857,0.012350220727349169,0.005307967206222409,0.00840866092074837,0.008303552659239016,0.009039310489804499,0.008776539836031112,0.005413075467731764,0.02743325625394156,0.003678789152827412,0.0068845911288627284,0.0037838974143367668,0.006359049821315956,0.06317006516712213,0.007883119613201598,0.008934202228295144,0.006621820475089342,0.022650830355265925,0.02685516081564011,0.03368719781374816,0.010248055497162076,0.09144418751313853,0.0017868404456590288,0.001997056968677738,0.001997056968677738,0.0016817321841496743,0.010615934412444818,0.010668488543199496
139,0.009496477954604747,0.00573962953300287,0.006104878685103053,0.00453952517610227,0.001721888859900861,0.0016697104096008348,0.001095747456300548,0.023167231933211584,0.0036003130707018003,0.003652491521001826,0.02546308374641273,0.01507957213670754,0.027811114009913904,0.03203756848421602,0.005530915731802765,0.006104878685103053,0.004904774328202452,0.0041220975737020615,0.008244195147404123,0.01852334985650926,0.001774067310200887,0.0038612053222019304,0.0026611009653013306,0.0008870336551004435,0.0008348552048004174,0.011009653013305505,0.021967127576310985,0.0204017740673102,0.007096269240803548,0.0015131750587007566,0.0014088181581007045,0.0014088181581007045,0.006000521784503,0.01575789199060788,0.001826245760500913,0.0008348552048004174,0.0026089225150013043,0.014453430733107227,0.013827289329506914,0.006313592486303156,0.018366814505609185,0.0026611009653013306,0.009444299504304723,0.019097312809809548,0.032768066788416386,0.0012001043569006,0.005009131228802505,0.0010435690060005217,0.0009392121054004696,0.002974171667101487,0.002817636316201409,0.00506130967910253,0.008035481346204017,0.0016697104096008348,0.005426558831202713,0.011427080615705713,0.0031307070180015655,0.0013566397078006783,0.001095747456300548,0.0022436733629011218,0.005165666579702583,0.013409861727106705,0.013983824680406992,0.03334202974171667,0.004226454474302113,0.002921993216801461,0.0025567440647012783,0.003443777719801722,0.0027654578659013825,0.0008348552048004174,0.0006783198539003391,0.0006783198539003391,0.0007826767545003914,0.0006261414036003131,0.0006261414036003131,0.0048525958779024264,0.0048004174276024,0.0007826767545003914,0.0006783198539003391,0.0006783198539003391,0.006731020088703366,0.003078528567701539,0.007513696843203757,0.012418471171406209,0.005322201930602661,0.008505087398904253,0.0084007304983042,0.00892251500130446,0.008713801200104357,0.005426558831202713,0.027393686407513697,0.0036003130707018003,0.006991912340203496,0.0037568484216018785,0.0065744847378032874,0.0609966084007305,0.007722410644403861,0.00892251500130446,0.0065744847378032874,0.022645447430211324,0.02734150795721367,0.03417688494651709,0.01001826245760501,0.09131228802504565,0.001721888859900861,0.0019306026611009652,0.0019827811114009916,0.0016175319593008087,0.010383511609705192,0.010644403861205323
140,0.00910367788586589,0.005670290797482182,0.006086458929407481,0.004577849451178276,0.001612651511210529,0.001612651511210529,0.0010924413463039068,0.02236903709098476,0.003641471154346356,0.004785933517140925,0.02481402486604588,0.016698746293502573,0.02684284450918171,0.030744420745981375,0.005566248764500859,0.006086458929407481,0.004889975550122249,0.004109660302762316,0.007959215523071321,0.018259376788222443,0.002028819643135827,0.003797534203818343,0.0033813660718930447,0.0010924413463039068,0.0009363782968319201,0.012224938875305624,0.021588721843624824,0.020132133381886283,0.007386984341674036,0.0017166935441918535,0.0015606304947198668,0.0015606304947198668,0.006294542995370129,0.015450241897726681,0.002028819643135827,0.0014045674452478802,0.0033293450554023824,0.014097695468969464,0.013473443271081516,0.006970816209748739,0.01815533475524112,0.002705092857514436,0.009259740935337877,0.0187275659366384,0.03235707225719191,0.0014045674452478802,0.005254122665556885,0.001144462362794569,0.0010404203298132447,0.0030692399729490712,0.0028611559069864224,0.005046038599594236,0.007803152473599334,0.001612651511210529,0.005254122665556885,0.011340581594964365,0.003225303022421058,0.0015086094782292047,0.002028819643135827,0.0026530718410237735,0.006294542995370129,0.013109296155646882,0.013369401238100192,0.03282526140560787,0.00421370233574364,0.0030172189564584093,0.0025490298080424493,0.003433387088383707,0.002705092857514436,0.0008843572803412579,0.001144462362794569,0.001144462362794569,0.0008843572803412579,0.0010404203298132447,0.001144462362794569,0.004629870467668939,0.0046818914841596,0.0009883993133225823,0.0007803152473599334,0.0008843572803412579,0.006658690110804765,0.002965197939967747,0.007543047391146023,0.012537064974249596,0.005254122665556885,0.008531446704468605,0.008323362638505957,0.008895593819903241,0.008739530770431254,0.005462206731519534,0.027206991624616345,0.003693492170837018,0.007074858242730063,0.0038495552203090047,0.007022837226239401,0.05925193778286428,0.007751131457108672,0.008895593819903241,0.006502627061332779,0.02242105810747542,0.02731103365759767,0.034021744784893095,0.009831972116735161,0.08984029547937367,0.0016646725277011912,0.001820735577173178,0.001820735577173178,0.0015086094782292047,0.010092077199188473,0.010352182281641783
141,0.009050715214564369,0.005565669700910273,0.005929778933680104,0.004525357607282184,0.0015604681404421327,0.0015604681404421327,0.0010403120936280884,0.022418725617685306,0.003693107932379714,0.005201560468140442,0.024863459037711314,0.016749024707412224,0.026892067620286085,0.03074122236671001,0.005513654096228868,0.0059817945383615085,0.0048374512353706114,0.003953185955786736,0.007750325097529259,0.018309492847854356,0.0021846553966189857,0.0036410923276983093,0.003589076723016905,0.0011963589076723017,0.000988296488946684,0.012483745123537062,0.02184655396618986,0.020338101430429127,0.007906371911573472,0.001872561768530559,0.001716514954486346,0.001716514954486346,0.006866059817945384,0.015396618985695708,0.0020286085825747726,0.0016644993498049416,0.003589076723016905,0.01388816644993498,0.013315994798439533,0.007022106631989597,0.01799739921976593,0.002808842652795839,0.008998699609882964,0.018413524057217166,0.03167750325097529,0.0014564369310793239,0.005045513654096229,0.001352405721716515,0.0011963589076723017,0.0031209362808842654,0.0029128738621586477,0.0049934980494148245,0.007958387516254876,0.0015604681404421327,0.005097529258777633,0.011547464239271782,0.003068920676202861,0.001716514954486346,0.0023407022106631988,0.00270481144343303,0.006189856957087126,0.012899869960988297,0.013107932379713914,0.03266579973992197,0.003693107932379714,0.002964889466840052,0.0025487646293888165,0.0032249674902470743,0.0026527958387516253,0.0010403120936280884,0.0014044213263979194,0.0014564369310793239,0.000988296488946684,0.001352405721716515,0.0014564369310793239,0.004629388816644994,0.004629388816644994,0.0008842652795838751,0.0008842652795838751,0.0009362808842652795,0.006449934980494149,0.00270481144343303,0.007490247074122236,0.012639791937581274,0.005305591677503251,0.008322496749024707,0.00811443433029909,0.008738621586475943,0.008634590377113133,0.00540962288686606,0.02684005201560468,0.003693107932379714,0.0069700910273081925,0.0036410923276983093,0.00671001300390117,0.05940182054616385,0.0071261378413524055,0.008894668400520157,0.006605981794538362,0.023094928478543563,0.02777633289986996,0.03417425227568271,0.009726918075422628,0.08967490247074122,0.0016124837451235371,0.0018205461638491547,0.0017685305591677502,0.0015604681404421327,0.010091027308192458,0.010039011703511054
142,0.008701995727163774,0.005523422437600959,0.005940284508363296,0.004533375019540409,0.001563232765358762,0.0015111250065134698,0.0010421551769058412,0.02225001302693971,0.0037517586368610288,0.0056276379552915425,0.02469907769266844,0.017039237142410506,0.02647074149340837,0.03032671564795998,0.005523422437600959,0.005992392267208588,0.004846021572612162,0.0038038663957063205,0.007399301756031473,0.018289823354697515,0.0022927413891928507,0.0036475431191704444,0.0038559741545516127,0.0011984784534417176,0.0010421551769058412,0.013026939711323016,0.02178104319733208,0.020269918190818612,0.008233025897556145,0.0019800948361210985,0.0018758793184305144,0.0019279870772758063,0.0071908707206503044,0.0151112500651347,0.0021364181126569746,0.0018237715595852222,0.0038559741545516127,0.013548017299775937,0.012974831952477724,0.007138762961805013,0.017612422489708717,0.0027096034599551873,0.008962534521390234,0.017977176801625763,0.030952008754103488,0.001615340524204054,0.005106560366838622,0.0014590172476681778,0.0013026939711323017,0.003230681048408108,0.002970142254181648,0.00505445260799333,0.007868271585639101,0.001563232765358762,0.004898129331457454,0.011567922463654838,0.002970142254181648,0.0018758793184305144,0.002657495701109895,0.0029180344953363556,0.006252931061435048,0.012714293158251264,0.012662185399405971,0.03256734927830754,0.0034912198426345683,0.0030743577718722317,0.0026053879422646034,0.003178573289562816,0.002553280183419311,0.0011463706945964254,0.001667448283049346,0.001667448283049346,0.0010942629357511334,0.0015111250065134698,0.001615340524204054,0.004429159501849826,0.004429159501849826,0.0008858319003699651,0.0009379396592152572,0.0009379396592152572,0.00630503882028034,0.002553280183419311,0.007607732791412641,0.012818508675941847,0.00531499140221979,0.008233025897556145,0.008128810379865563,0.008754103486009067,0.008493564691782607,0.005471314678755667,0.02699181908186129,0.0038038663957063205,0.006982439685269137,0.0036475431191704444,0.00682611640873326,0.05940284508363295,0.006982439685269137,0.008910426762544943,0.0065655776145068,0.023240060445000262,0.02803397425876713,0.03454744411442864,0.009692043145224325,0.08983377624928351,0.001615340524204054,0.0017716638007399302,0.0017716638007399302,0.0015111250065134698,0.009796258662914907,0.009952581939450785
143,0.00865530006778247,0.005474737994681683,0.005891860889514574,0.00453621148130768,0.001564210855623338,0.0015120704937692268,0.0010428072370822254,0.02215965378799729,0.0038062464153501225,0.0059440012513686845,0.024558110433286408,0.017049898326294385,0.026174461650763856,0.029980708066113977,0.0055790187183899055,0.005891860889514574,0.00495333437614057,0.003754106053496011,0.007247510297721466,0.018196986287084833,0.0023984566452891183,0.003545544606079566,0.003962667500912456,0.0012513686844986705,0.0010949475989363367,0.01313937118723604,0.021951092340580843,0.020386881484957507,0.008603159705928358,0.002137754836018562,0.001981333750456228,0.0020334741123103394,0.007612492830700245,0.0148078627665676,0.0022420355597267843,0.0020856144741644507,0.004066948224620679,0.013191511549090151,0.012565827206840815,0.007247510297721466,0.017414880859273164,0.0026591584545596746,0.008863861515198915,0.01767558266854372,0.030293550237238648,0.0016684915793315606,0.005057615099848793,0.001564210855623338,0.0014077897700610043,0.0033369831586631212,0.003076281349392565,0.005005474737994682,0.007873194639970802,0.0015120704937692268,0.004744772928724125,0.011679441055320924,0.0029720006256843423,0.001981333750456228,0.002919860263830231,0.0029720006256843423,0.006048281975076907,0.01230512539757026,0.01235726575942437,0.032274883987694875,0.003180562073100787,0.003076281349392565,0.0026591584545596746,0.003180562073100787,0.0026070180927055633,0.0012513686844986705,0.0018770530267480056,0.001929193388602117,0.0011992283226445592,0.001772772303039783,0.0018770530267480056,0.004275509672037124,0.004327650033891235,0.000782105427811669,0.000990666875228114,0.0009385265133740028,0.006048281975076907,0.0022941759215808957,0.007560352468846134,0.013035090463527818,0.005422597632827572,0.008133896449241357,0.007873194639970802,0.008707440429636582,0.008498878982220136,0.005422597632827572,0.026904426716721414,0.003910527139058345,0.007091089212159132,0.0035976849679336775,0.006830387402888576,0.06001355649408207,0.006726106679180353,0.008916001877053027,0.00656968559361802,0.02388028572918296,0.02836435684863653,0.03482976171854633,0.009698107304864695,0.08973356275092549,0.0016163512174774493,0.001772772303039783,0.0017206319411856717,0.0015120704937692268,0.009698107304864695,0.009750247666718807
144,0.008435303306430617,0.0054152564436344705,0.005779744858109867,0.00453007029419422,0.0015620932048945586,0.0015100234313980734,0.001041395469929706,0.02233793282999219,0.003905233012236397,0.006404582140067691,0.024576933090341056,0.017599583441812026,0.026139026295235616,0.029783910439989587,0.005467326217130955,0.0058318146316063526,0.004998698255662588,0.0037490236917469407,0.006769070554543088,0.01791200208279094,0.002499349127831294,0.0035407445977609997,0.004321791200208279,0.0013017443374121322,0.0011976047904191617,0.013538141109086176,0.022077583962509764,0.020515490757615204,0.008903931267898985,0.0022390002603488676,0.002082790939859412,0.002082790939859412,0.007654256703983338,0.014423327258526426,0.0022390002603488676,0.002291070033845353,0.004373860973704765,0.012757094506638896,0.012080187451184587,0.007341838063004426,0.01681853683936475,0.0024472793543348086,0.008591512626920072,0.017339234574329603,0.029263212705024733,0.0017183025253840146,0.005102837802655558,0.001614162978391044,0.0015100234313980734,0.003384535277271544,0.0031241864097891173,0.005050768029159073,0.007706326477479823,0.0015620932048945586,0.0046342098411871905,0.01161155948971622,0.0029679770892996615,0.002082790939859412,0.003228325956782088,0.0031241864097891173,0.006144233272585264,0.011871908357198646,0.01171569903670919,0.031710492059359545,0.003072116636292632,0.0031241864097891173,0.00265555844832075,0.003072116636292632,0.002499349127831294,0.0013017443374121322,0.002082790939859412,0.0021869304868523823,0.001249674563915647,0.001978651392866441,0.002134860713355897,0.004061442332725852,0.004061442332725852,0.0007810466024472793,0.001041395469929706,0.001041395469929706,0.006092163499088779,0.002291070033845353,0.007602186930486852,0.013121582921114294,0.005467326217130955,0.00807081489195522,0.007914605571465764,0.008695652173913044,0.008539442853423588,0.0054152564436344705,0.027024212444675864,0.003957302785732882,0.00718562874251497,0.003592814371257485,0.006821140328039573,0.06014058838844051,0.006560791460557147,0.00895600104139547,0.0066649310075501175,0.024576933090341056,0.028586305649570425,0.03488674824264514,0.009789117417339234,0.09013277792241604,0.001614162978391044,0.0017703722988804999,0.0017703722988804999,0.0015100234313980734,0.009684977870346265,0.009684977870346265
145,0.007626854830341393,0.005084569886894262,0.005655286915015046,0.004461969492580679,0.0015565009857839577,0.0015046176195911592,0.0010376673238559717,0.021946663899553805,0.003943135830652693,0.0073674379993773995,0.02459271557538653,0.01872989519560029,0.025889799730206497,0.029573518729895196,0.005395870084051053,0.00586282037978624,0.004877036422123067,0.0036837189996886998,0.006329770675521428,0.017588461139358722,0.002646051675832728,0.003528068901110304,0.004928919788315866,0.001400850887205562,0.0011933174224343676,0.014112275604441216,0.021739130434782608,0.020130746082805854,0.008664522154197364,0.002282868112483138,0.0020753346477119434,0.002127218013904742,0.0073674379993773995,0.01395662550586282,0.002386634844868735,0.0029573518729895196,0.004877036422123067,0.01250389125246446,0.011829407491958079,0.007523088097955795,0.01613572688596036,0.0023347514786759365,0.008560755421811768,0.01644702708311715,0.02838020130746083,0.001764034450555152,0.005188336619279859,0.0016602677181695549,0.0014527342533983605,0.003268652070146311,0.0030092352391823183,0.0050326865207014635,0.007263671266991802,0.0015565009857839577,0.004461969492580679,0.011154923731451697,0.0030611186053751166,0.0020753346477119434,0.0043063193940022825,0.0033205354363391097,0.0069004877036422125,0.011673757393379683,0.011414340562415689,0.030818719518522362,0.0028535851406039222,0.0031130019715679153,0.002646051675832728,0.0030092352391823183,0.002386634844868735,0.0012970841548199648,0.0025941683096399296,0.0026979350420255266,0.001245200788627166,0.002490401577254332,0.0025941683096399296,0.003787485732074297,0.0038393690982670954,0.0007782504928919788,0.0010895506900487704,0.0011933174224343676,0.006226003943135831,0.002127218013904742,0.007678738196534191,0.013126491646778043,0.005603403548822248,0.008145688492269378,0.007886271661305386,0.008612638788004565,0.008612638788004565,0.005447753450243852,0.027238767251219258,0.003995019196845491,0.007211787900799004,0.003579952267303103,0.007056137802220608,0.05997717131887517,0.006381654041714226,0.008923938985161358,0.006537304140292622,0.024488948843000933,0.029262218532738405,0.03538445574348864,0.009754072844246134,0.09115907440074712,0.0016083843519767561,0.001764034450555152,0.001764034450555152,0.0015046176195911592,0.00954653937947494,0.009598422745667738
146,0.007512606771637336,0.004888340022640733,0.005557270762581044,0.0043737779149943395,0.0015436863229391787,0.0014922301121745394,0.0010291242152927857,0.02171452094267778,0.003962128228877226,0.00802716887928373,0.02469898116702686,0.01955336009056293,0.026036842646907483,0.029432952557373673,0.005197077287228569,0.005711639394874961,0.004888340022640733,0.003499022331995472,0.006020376659462797,0.017495111659977358,0.0027271791705258826,0.003499022331995472,0.005351445919522487,0.0015436863229391787,0.001234949058351343,0.014665020067922198,0.021354327467325306,0.019862097355150765,0.00869609961922404,0.002315529484408768,0.00216116085211485,0.00216116085211485,0.007409694350108058,0.01389317690645261,0.0024184419059380467,0.003344653699701554,0.005248533497993208,0.012246578161984151,0.01168055984357312,0.007564062982401976,0.015745600493979623,0.00216116085211485,0.008438818565400843,0.01605433775856746,0.02758052896984666,0.0018009673767623753,0.005197077287228569,0.0016465987444684574,0.0014922301121745394,0.0032931974889369147,0.002984460224349079,0.005042708654934651,0.007152413296284862,0.0015436863229391787,0.0043223217042297,0.011320366368220645,0.002984460224349079,0.00216116085211485,0.004991252444170011,0.003499022331995472,0.007358238139343418,0.011423278789749922,0.011114541525162088,0.03046207677266646,0.0026757229597612433,0.0030873726458783574,0.002624266748996604,0.002984460224349079,0.0023669856951734074,0.0013378614798806217,0.0029330040135844395,0.0030873726458783574,0.0012864052691159823,0.002778635381290522,0.002984460224349079,0.0036019347535247506,0.0036019347535247506,0.00072038695070495,0.0011320366368220644,0.0013378614798806217,0.006380570134815272,0.0019038797982916537,0.007615519193166615,0.013172789955747659,0.005454358341051765,0.00797571266851909,0.007872800246989812,0.008541730986930122,0.008438818565400843,0.005402902130287126,0.027220335494494187,0.003962128228877226,0.007203869507049501,0.0035504785427601113,0.007152413296284862,0.05943192343315838,0.006329113924050633,0.008901924462282598,0.00653493876710919,0.02469898116702686,0.02969023361119687,0.035916435113718226,0.009673767623752187,0.09128331789647011,0.001595142533703818,0.0016980549552330967,0.0016980549552330967,0.0014922301121745394,0.00951939899145827,0.009365030359164351
147,0.007472999948815069,0.004964938322157957,0.0055279725648769,0.004504273941751549,0.0014843630035317602,0.0014843630035317602,0.0010236986231253519,0.021600040947944925,0.003941239699032604,0.00829195884731535,0.024568766955008446,0.019808568357475558,0.0257460203716026,0.02932896555254133,0.005220862977939294,0.005579157496033168,0.0048625684598454216,0.0034805753186261962,0.005783897220658238,0.01770998618006859,0.0029687260070635204,0.0033782054563136613,0.005630342427189436,0.0014843630035317602,0.0012284383477504223,0.01530429441572401,0.02149767108563239,0.0200644930132569,0.008906178021190562,0.0024568766955008446,0.0022521369708757744,0.0023033219020320416,0.007524184879971337,0.014331780723754926,0.00255924655781338,0.0031222808005323234,0.005272047909095562,0.01233556840866049,0.011874904028254082,0.007626554742283871,0.01571377386497415,0.0023033219020320416,0.00849669857194042,0.01571377386497415,0.027383938168603163,0.001893842452781901,0.00511849311562676,0.0017402876593130981,0.0015867328658442953,0.0032246506628448583,0.0029687260070635204,0.004964938322157957,0.0069611506372523925,0.0015355479346880279,0.004350719148282746,0.011158314992066336,0.003019910938219788,0.0022521369708757744,0.0048625684598454216,0.003787684905563802,0.0072682602241899985,0.011260684854378871,0.010697650611659927,0.030147924451041613,0.002866356144750985,0.0031734657316885907,0.002610431488969647,0.0029687260070635204,0.0023033219020320416,0.001381993141219225,0.00276398628243845,0.0029175410759072528,0.001381993141219225,0.002610431488969647,0.00276398628243845,0.0035829451809387316,0.0035829451809387316,0.0009213287608128167,0.0011260684854378872,0.0013308082100629574,0.006193376669908379,0.001996212315094436,0.007575369811127604,0.013154527307160772,0.005425602702564365,0.008036034191534012,0.007831294466908943,0.008547883503096688,0.008445513640784153,0.005425602702564365,0.02723038337513436,0.00404360956134514,0.0072682602241899985,0.003531760249782464,0.007319445155346266,0.057838972206582386,0.006398116394533449,0.009008547883503098,0.006551671188002252,0.024824691610789783,0.02978962993294774,0.03639248605210626,0.009673951988534575,0.09075088294006245,0.0015867328658442953,0.0017402876593130981,0.0016891027281568307,0.0014843630035317602,0.00957158212622204,0.009469212263909505
148,0.007415741829898226,0.005012018616069145,0.005523449087096609,0.004398302050836189,0.0014831483659796451,0.0014831483659796451,0.0010228609420549276,0.021428936736050733,0.00409144376821971,0.008540888866158646,0.02444637651511277,0.020303789699790315,0.025520380504270444,0.028793535518846215,0.005165447757377385,0.005676878228404849,0.004858589474760906,0.0034265841558840074,0.005676878228404849,0.01779778039175574,0.0030174397790620365,0.003477727202986754,0.0058814504168158335,0.0015342914130823916,0.0012785761775686594,0.0155474863192349,0.02148007978315348,0.02004807446427658,0.009001176290083363,0.0025060093080345727,0.0021991510254180946,0.002250294072520841,0.007518027924103718,0.01442233928297448,0.0026082954022400655,0.003222011967473022,0.005472306039993863,0.012376617398864625,0.011916329974939906,0.00777374315961745,0.015700915460543138,0.002301437119623587,0.0084897458190559,0.015496343272132153,0.027208101058661074,0.001892292742801616,0.005216590804480131,0.001738863601493377,0.0015342914130823916,0.003222011967473022,0.0029662967319592903,0.005063161663171892,0.006955454405973508,0.0014831483659796451,0.004296015956630696,0.010995755127090471,0.0029151536848565436,0.002301437119623587,0.005012018616069145,0.003886871579808725,0.007364598782795479,0.011251470362604203,0.010637753797371247,0.029969825602209378,0.002812867590651051,0.0031197258732675293,0.0026594384493428117,0.0028640106377537974,0.002301437119623587,0.0013808622717741523,0.002812867590651051,0.0029662967319592903,0.0013297192246714059,0.0026594384493428117,0.002812867590651051,0.0035288702500895002,0.003580013297192247,0.0009205748478494348,0.0011251470362604204,0.0013808622717741523,0.006392880887843298,0.0019434357899043625,0.007722600112514704,0.013092620058303073,0.005523449087096609,0.008029458395131183,0.007876029253822943,0.008592031913261392,0.008438602771953152,0.005472306039993863,0.02731038715286657,0.00409144376821971,0.007313455735692732,0.0035288702500895002,0.007364598782795479,0.05661535314274024,0.006597453076254283,0.009205748478494348,0.006546310029151537,0.025111236127448474,0.029714110366695648,0.03620927734874444,0.009563749808213574,0.0905231933718611,0.0015342914130823916,0.001738863601493377,0.0016877205543906306,0.0014831483659796451,0.00961489285531632,0.009410320666905335
149,0.007276454009736101,0.004919292851652575,0.005534204458109147,0.004509351780681527,0.0014860363822700488,0.0014860363822700488,0.0010248526774276198,0.021624391493722778,0.0040481680758390984,0.008455034588777863,0.024698949526005636,0.02013835511145273,0.02546758903407635,0.028798360235716115,0.005226748654880861,0.00568793235972329,0.004816807583909813,0.0034844991032539074,0.005585447091980528,0.017986164488854726,0.0029720727645400975,0.0034844991032539074,0.005790417627466052,0.0014860363822700488,0.0012298232129131438,0.0156290033307712,0.021573148859851395,0.020189597745324108,0.009121188829105816,0.0025108890596976683,0.0022546758903407636,0.0023059185242121443,0.007635152446835767,0.014552908019472201,0.0026133743274404306,0.0032282859338970023,0.005380476556495004,0.01245196003074558,0.012042018959774532,0.00778888034844991,0.015833973866256727,0.0024084037919549065,0.008557519856520625,0.015424032795285678,0.027209838585703305,0.0018959774532410966,0.005226748654880861,0.0017422495516269537,0.0015372790161414297,0.0032795285677683834,0.0029720727645400975,0.005073020753266718,0.006866512938765053,0.0015372790161414297,0.004406866512938765,0.010812195746861389,0.0030233153984114782,0.0023059185242121443,0.005073020753266718,0.003843197540353574,0.007276454009736101,0.011119651550089675,0.010504739943633103,0.029823212913143736,0.0029720727645400975,0.003177043300025621,0.0026133743274404306,0.0029208301306687164,0.0023059185242121443,0.0014347937483986677,0.0028695874967973353,0.0029208301306687164,0.0013323084806559056,0.0026646169613118113,0.002818344862925954,0.0035869843709966692,0.0035869843709966692,0.0010248526774276198,0.0011273379451703818,0.0013835511145272868,0.006354086600051242,0.0020497053548552396,0.0077376377145785295,0.01301562900333077,0.0054829618242377655,0.008147578785549578,0.007942608250064053,0.008608762490392005,0.008557519856520625,0.005431719190366385,0.02746605175506021,0.0040481680758390984,0.007378939277478862,0.003535741737125288,0.007327696643607481,0.056161926723033564,0.006405329233922624,0.009069946195234435,0.006559057135536767,0.02423776582116321,0.029720727645400975,0.03622854214706636,0.009582372533948245,0.09039200614911606,0.0015885216500128106,0.0016910069177555726,0.0016910069177555726,0.0014860363822700488,0.009633615167819626,0.009479887266205482
150,0.007396753647010479,0.004931169098006986,0.005496198890486953,0.004417505650297924,0.001489623998356277,0.0014382576535853708,0.001027326895418122,0.021419765769467844,0.004109307581672488,0.008526813231970413,0.024553112800493118,0.020443805218820627,0.02542634066159852,0.0286110540373947,0.005188000821861516,0.005701664269570577,0.004828436408465173,0.003441545099650709,0.005547565235257859,0.01792685432504623,0.00303061434148346,0.003492911444421615,0.005958495993425108,0.001489623998356277,0.0012327922745017466,0.015769467844668174,0.021522498459009658,0.020238339839737003,0.008989110334908568,0.002465584549003493,0.0022601191699198686,0.0022601191699198686,0.007550852681323197,0.014793507294020958,0.002619683583316211,0.003133347031025272,0.005393466200945141,0.012636120813642902,0.01212245736593384,0.007859050749948634,0.016026299568522705,0.002516950893774399,0.0084240805424286,0.015358537086500925,0.02737826176289295,0.0019005547565235257,0.005239367166632422,0.0016950893774399015,0.001540990343127183,0.0032360797205670845,0.002979247996712554,0.005085268132319704,0.006934456544072324,0.001489623998356277,0.004417505650297924,0.011043764125744811,0.002927881651941648,0.0022601191699198686,0.005085268132319704,0.0038524758578179575,0.007448119991781385,0.01119786316005753,0.010530100678035751,0.029587014588041916,0.003081980686254366,0.0031847133757961785,0.002671049928087117,0.002927881651941648,0.0023114855146907747,0.0013868913088144648,0.0028251489623998356,0.0028765153071707416,0.0013355249640435586,0.002619683583316211,0.0028251489623998356,0.0036983768235052394,0.0036470104787343334,0.001078693240189028,0.0011300595849599343,0.0013868913088144648,0.006369426751592357,0.0019005547565235257,0.007756318060406822,0.013201150606122869,0.005496198890486953,0.008115882473803165,0.007961783439490446,0.008629545921512225,0.00857817957674132,0.005444832545716047,0.027326895418122048,0.004057941236901582,0.007345387302239573,0.003544277789192521,0.007396753647010479,0.05537291966303678,0.006574892130675981,0.009143209369221287,0.006626258475446887,0.024450380110951304,0.029741113622354633,0.03611054037394699,0.009451407437846723,0.0900452023833984,0.001540990343127183,0.0016950893774399015,0.0016437230326689953,0.001489623998356277,0.009605506472159442,0.00950277378261763
151,0.007349162298283482,0.004933703361085414,0.005396238051187172,0.004419775927639018,0.0014903895569945524,0.0014903895569945524,0.0010278548668927947,0.021636344948093328,0.004060026724226539,0.008428409908520916,0.024668516805427074,0.020454311851166616,0.02549080069894131,0.02872854352965361,0.005087881591119334,0.0056018090245657315,0.004779525131051496,0.0034433138040908624,0.0056018090245657315,0.018090245657313188,0.0030321718573337445,0.003494706547435502,0.00591016548463357,0.0014903895569945524,0.0012334258402713536,0.01582896495014904,0.021790523178127248,0.020402919107821976,0.009045122828656594,0.002466851680542707,0.002209887963819509,0.0022612807071641485,0.007606126015006681,0.014646931853222325,0.002569637167231987,0.003083564600678384,0.005293452564497893,0.012488436632747455,0.012180080172679618,0.007760304245040601,0.01582896495014904,0.002364066193853428,0.008633980881899476,0.015263644773358002,0.02734093945934834,0.0018501387604070306,0.005190667077808613,0.0016959605303731114,0.001541782300339192,0.0032377428307123032,0.002980779113989105,0.0049850961044300545,0.006835234864837085,0.0014903895569945524,0.004471168670983657,0.011100832562442183,0.0030321718573337445,0.002209887963819509,0.004933703361085414,0.0038544557508479803,0.007349162298283482,0.011100832562442183,0.010484119642306507,0.02924247096310001,0.002980779113989105,0.003134957344023024,0.002569637167231987,0.002929386370644465,0.0022612807071641485,0.0013876040703052729,0.002723815397265906,0.0028266008839551854,0.0013362113269606332,0.002569637167231987,0.002723815397265906,0.0035974920341247814,0.003648884777469421,0.0010278548668927947,0.0010792476102374346,0.0013362113269606332,0.0064754856614246065,0.002107102477130229,0.0077089115016959605,0.013105149552883133,0.005447630794531812,0.008222838935142357,0.008068660705108439,0.008582588138554836,0.008428409908520916,0.005344845307842533,0.027752081406105456,0.004060026724226539,0.007503340528317402,0.0035460992907801418,0.007349162298283482,0.05545277006886628,0.006578271148113887,0.009096515572001234,0.006526878404769247,0.024617124062082434,0.029756398396546407,0.036231884057971016,0.009559050262102992,0.09081097748997842,0.001541782300339192,0.0016959605303731114,0.0016959605303731114,0.0014903895569945524,0.009559050262102992,0.009559050262102992
152,0.007268415897726687,0.004948708696324553,0.0055157482344450745,0.004433218207124078,0.0014433733697613279,0.0014433733697613279,0.0010309809784009485,0.021547502448579822,0.004020825815763699,0.008350945925047683,0.02464044538378267,0.020310325274498685,0.025516779215423474,0.028970565493066654,0.00520645394092479,0.005670395381205217,0.00479406154956441,0.0034537862776431775,0.005567297283365122,0.017990618073096553,0.0029898448373627505,0.003505335326563225,0.005876591576885406,0.0014433733697613279,0.0011856281251610907,0.015516263724934275,0.021547502448579822,0.020155678127738542,0.0090210835610083,0.0024743543481622766,0.002216609103562039,0.0022681581524820866,0.007577710191246972,0.014743027991133563,0.0025774524460023714,0.0029898448373627505,0.00520645394092479,0.012526418887571524,0.012114026496211145,0.007680808289087067,0.0159802051652147,0.0024743543481622766,0.008557142120727872,0.01520696943141399,0.02742409402546523,0.0018557657611217072,0.00520645394092479,0.001701118614361565,0.0015464714676014229,0.0032991391308830353,0.0029898448373627505,0.0050002577452446005,0.006752925408526213,0.0014949224186813753,0.004536316304964173,0.010722202175369865,0.0029898448373627505,0.0022681581524820866,0.004845610598484458,0.0038146296200835096,0.007165317799886592,0.011083045517810197,0.01041290788184958,0.029537605031187176,0.0030929429352028457,0.003144491984122893,0.0026290014949224188,0.002938295788442703,0.002319707201402134,0.0013918243208412805,0.0027320995927625135,0.002783648641682561,0.001340275271921233,0.002525903397082324,0.002680550543842466,0.0037115315222434144,0.003659982473323367,0.0010309809784009485,0.001082530027320996,0.001340275271921233,0.006546729212846023,0.0019588638589618022,0.007835455435847209,0.012990360327851952,0.005464199185525027,0.008247847827207588,0.00799010258260735,0.008660240218567967,0.008557142120727872,0.005361101087684932,0.027784937367905563,0.004072374864683747,0.007577710191246972,0.0036084334244033196,0.0073715139955667815,0.05582761998041136,0.006649827310686118,0.009175730707768441,0.006598278261766071,0.024279602041342337,0.029898448373627505,0.03649672663539358,0.00958812309912882,0.09082942419712356,0.0015464714676014229,0.001701118614361565,0.0016495695654415176,0.0014949224186813753,0.009639672148048868,0.00958812309912882
153,0.0071797520661157025,0.005010330578512396,0.005526859504132231,0.004390495867768595,0.0014979338842975207,0.001446280991735537,0.0010330578512396695,0.021797520661157026,0.0040289256198347105,0.00831611570247934,0.024638429752066114,0.020506198347107436,0.025671487603305784,0.028925619834710745,0.005165289256198347,0.005578512396694215,0.004752066115702479,0.0034607438016528926,0.005578512396694215,0.017923553719008264,0.002944214876033058,0.0035123966942148762,0.005836776859504132,0.0014979338842975207,0.0011880165289256197,0.015702479338842976,0.021797520661157026,0.02024793388429752,0.009039256198347107,0.0024793388429752068,0.0022210743801652894,0.0022727272727272726,0.007541322314049587,0.014617768595041322,0.00253099173553719,0.0029958677685950415,0.005165289256198347,0.012396694214876033,0.012086776859504132,0.007644628099173554,0.01606404958677686,0.002427685950413223,0.00862603305785124,0.015289256198347107,0.027427685950413224,0.0018078512396694215,0.005216942148760331,0.0017045454545454545,0.0014979338842975207,0.003254132231404959,0.002944214876033058,0.005010330578512396,0.006663223140495868,0.0015495867768595042,0.004597107438016529,0.010537190082644627,0.0030475206611570247,0.0022210743801652894,0.004803719008264463,0.0038739669421487604,0.0071797520661157025,0.011053719008264462,0.010433884297520662,0.029235537190082643,0.0030475206611570247,0.0031508264462809916,0.0025826446280991736,0.002944214876033058,0.0022727272727272726,0.0013429752066115702,0.0026859504132231405,0.002737603305785124,0.0013429752066115702,0.00253099173553719,0.0026859504132231405,0.0036673553719008263,0.0036673553719008263,0.0010330578512396695,0.0010847107438016529,0.0012913223140495868,0.006508264462809918,0.0021694214876033058,0.007644628099173554,0.012706611570247934,0.005371900826446281,0.008264462809917356,0.008057851239669421,0.008522727272727272,0.008419421487603307,0.005371900826446281,0.02763429752066116,0.004080578512396694,0.0074896694214876035,0.0035640495867768594,0.007386363636363636,0.055991735537190085,0.006714876033057851,0.009142561983471074,0.0065599173553719005,0.024431818181818183,0.029958677685950414,0.03662190082644628,0.009710743801652892,0.09106404958677686,0.0016012396694214876,0.0017561983471074381,0.0017045454545454545,0.0014979338842975207,0.009762396694214876,0.009607438016528925
154,0.00745495961896873,0.005073514185131497,0.005487678608407538,0.004504038103126941,0.0015531165872851522,0.001501346034375647,0.0010354110581901014,0.021691861669082626,0.003986332574031891,0.008076206253882792,0.024746324290743426,0.020190515634706977,0.025885276454752536,0.029146821288051357,0.005125284738041002,0.005591219714226548,0.004866431973493477,0.003520397597846345,0.005642990267136053,0.01765375854214123,0.002899150962932284,0.00346862704493684,0.0056947608200455585,0.001449575481466142,0.0011907227169186167,0.015427624767032511,0.0214330089045351,0.019983433423068957,0.008800993994615862,0.0023814454338372333,0.002174363222199213,0.002226133775108718,0.00745495961896873,0.014236902050113895,0.0025367570925657486,0.002950921515841789,0.005073514185131497,0.012321391592462207,0.011855456616276662,0.0076102712776972455,0.016048871401946573,0.0024332159867467384,0.008697452888796852,0.015324083661213501,0.02733485193621868,0.0018119693518326777,0.0051770552909505075,0.0017084282460136675,0.001501346034375647,0.0032615448332988196,0.002899150962932284,0.005073514185131497,0.00704079519569269,0.0015531165872851522,0.004607579208945951,0.011389521640091117,0.003002692068751294,0.002226133775108718,0.0046593497618554565,0.003727479809484365,0.00704079519569269,0.01102712776972458,0.010457651687720025,0.02909505073514185,0.003002692068751294,0.0031062331745703043,0.0025885276454752537,0.002899150962932284,0.002277904328018223,0.001346034375647132,0.002640298198384759,0.002692068751294264,0.0012942638227376269,0.0024332159867467384,0.0025885276454752537,0.003727479809484365,0.003727479809484365,0.0009836405052805965,0.0010871816110996065,0.0012942638227376269,0.006367778007869124,0.002122592669289708,0.0076620418306067506,0.013253261544833299,0.005487678608407538,0.008283288465520811,0.008076206253882792,0.008645682335887347,0.008490370677158831,0.005435908055498033,0.027593704700766206,0.004038103126941396,0.00745495961896873,0.00357216815075585,0.007247877407330711,0.05617104990681301,0.0066784013253261545,0.009215158417891903,0.006626630772416649,0.024953406502381446,0.03018223234624146,0.03680886311865811,0.00968109339407745,0.09142679643818596,0.0016048871401946573,0.0017601987989231726,0.0017084282460136675,0.001501346034375647,0.009629322841167944,0.009629322841167944
155,0.007679535076795351,0.00518887505188875,0.0055002075550020756,0.004462432544624325,0.001556662515566625,0.0015047737650477377,0.0010377750103777502,0.02210460772104608,0.00394354503943545,0.0078870900788709,0.02511415525114155,0.020080946450809465,0.026048152760481526,0.0294728102947281,0.005136986301369863,0.00560398505603985,0.004825653798256538,0.003580323785803238,0.005759651307596513,0.017538397675383975,0.0028538812785388126,0.003424657534246575,0.005552096305520963,0.0014528850145288502,0.0011934412619344127,0.015099626400996264,0.021741386467413866,0.020080946450809465,0.008769198837691988,0.0023868825238688254,0.002127438771274388,0.0021793275217932753,0.007368202573682025,0.014321295143212951,0.0024906600249066002,0.0028538812785388126,0.004929431299294313,0.012401411374014114,0.011830635118306352,0.0075238688252386885,0.01598173515981735,0.0023868825238688254,0.008613532586135326,0.015514736405147365,0.02765670402656704,0.0017642175176421752,0.005085097550850975,0.0016085512660855127,0.0015047737650477377,0.0031652137816521376,0.0029057700290577005,0.005033208800332088,0.0070049813200498134,0.001556662515566625,0.004514321295143213,0.011000415110004151,0.002957658779576588,0.0021793275217932753,0.004462432544624325,0.0036322125363221253,0.006953092569530926,0.011156081361560814,0.010637193856371938,0.029576587795765878,0.0030614362806143628,0.0031652137816521376,0.002646326276463263,0.0029057700290577005,0.00228310502283105,0.0012972187629721875,0.0025425487754254877,0.002594437525944375,0.0012972187629721875,0.0023868825238688254,0.0024906600249066002,0.0037359900373599006,0.0037359900373599006,0.0009858862598588626,0.0010896637608966376,0.0012453300124533001,0.0063823163138231635,0.0020236612702366126,0.007731423827314238,0.013024076380240763,0.005552096305520963,0.008198422581984225,0.0078870900788709,0.008613532586135326,0.008457866334578663,0.005448318804483188,0.02744914902449149,0.003995433789954338,0.007316313823163138,0.0035284350352843504,0.007212536322125363,0.05676629306766293,0.006641760066417601,0.0091324200913242,0.006589871315898713,0.025010377750103778,0.029887920298879204,0.0365296803652968,0.010066417600664176,0.09153175591531756,0.0016604400166044002,0.0018161062681610626,0.0017642175176421752,0.001556662515566625,0.009755085097550851,0.009547530095475302
156,0.007907605868275934,0.0054104671730309025,0.005514514618666112,0.004474040162314015,0.0016127354073457497,0.0015607116845281449,0.0010404744563520965,0.022370200811570075,0.003953802934137967,0.007491416085735095,0.02502341067526792,0.019977109561960252,0.026115908854437625,0.029601498283217148,0.005098324836125273,0.005618562064301322,0.004942253667672459,0.003589636874414733,0.005930704401206951,0.01758401831235043,0.0027052335865154513,0.0034335657059619187,0.005358443450213297,0.0013526167932577256,0.001196545624804911,0.015138903339923005,0.02205805847466445,0.020081157007595465,0.008792009156175215,0.0022370200811570075,0.0020289251898865882,0.002080948912704193,0.007491416085735095,0.014046405160753303,0.002341067526792217,0.002809281032150661,0.0047341587764020395,0.01227759858495474,0.011705337633961086,0.0075434398085527,0.015867235459369473,0.0022370200811570075,0.008583914264904796,0.015971282905004682,0.027520549370512955,0.0017167828529809593,0.005046301113307668,0.0015607116845281449,0.0014046405160753304,0.0031734470918738946,0.0028613047549682657,0.005098324836125273,0.0072312974716470715,0.0016647591301633545,0.00452606388513162,0.011445219019873063,0.00301737592342108,0.0020289251898865882,0.004265945271043596,0.003381541983144314,0.006867131411923837,0.011237124128602644,0.010977005514514618,0.02918530850067631,0.0031214233690562898,0.003069399646238685,0.0025491624180626364,0.0028613047549682657,0.0022890438039746123,0.0013005930704401206,0.0024451149724274267,0.0025491624180626364,0.0012485693476225158,0.0022890438039746123,0.002393091249609822,0.0036936843200499427,0.0036936843200499427,0.0009364270107168869,0.0009884507335344917,0.001196545624804911,0.0063989179065653936,0.002132972635521798,0.007595463531370305,0.013266049318489232,0.005514514618666112,0.008167724482363957,0.007959629591093538,0.008687961710540006,0.008427843096451983,0.005514514618666112,0.027312454479242534,0.0040578503797731764,0.007335344917282281,0.0035376131515971283,0.007075226303194257,0.05644573925710124,0.006659036520653418,0.00915617521589845,0.006763083966288628,0.025803766517531995,0.029809593174487566,0.03631255852668817,0.010248673395068152,0.09197794194152534,0.0016647591301633545,0.001820830298616169,0.001820830298616169,0.0015607116845281449,0.009624388721256894,0.009624388721256894
157,0.007938580456468376,0.00548388781532355,0.005640570324332793,0.004596020264271165,0.001619052593095524,0.0015668250900924426,0.0010967775630647098,0.022248916279312685,0.003917062725231107,0.007311850420431399,0.025121428944482164,0.01979422363816786,0.026270434010549956,0.029874131717762573,0.005170522797305061,0.005745025330338957,0.005013840288295816,0.003708152713218781,0.006110617851360527,0.01718284848801379,0.0026636026531571527,0.0033947876952002925,0.005222750300308142,0.001357915078080117,0.0012012325690708727,0.014989293361884369,0.02167441374627879,0.019637541129158616,0.008774220504517679,0.0022457826291325013,0.0020368726171201756,0.002089100120123257,0.007468532929440643,0.01357915078080117,0.002350237635138664,0.0027680576591633155,0.0047527027732804095,0.01211678069671489,0.011437823157674831,0.0075207604324437245,0.015929388415939834,0.0021935551261294197,0.008617537995508434,0.016399435942967566,0.02788948660364548,0.0017235075991016869,0.005013840288295816,0.0015668250900924426,0.0014101425810831983,0.003081422677181804,0.0028202851621663967,0.00511829529430198,0.007468532929440643,0.001619052593095524,0.004491565258265003,0.011490050660677913,0.002976967671175641,0.0020368726171201756,0.004230427743249595,0.0033947876952002925,0.006998485402412911,0.011281140648665587,0.011281140648665587,0.029090719172716353,0.0030291951741787224,0.0030291951741787224,0.00255914764715099,0.0028202851621663967,0.0022980101321355825,0.001253460072073954,0.002454692641144827,0.00255914764715099,0.001253460072073954,0.0022980101321355825,0.0024024651381417453,0.0037603802162218623,0.003812607719224944,0.0008878675510523841,0.000992322557058547,0.0012012325690708727,0.0062673003603697704,0.002089100120123257,0.007625215438449888,0.013213558259779599,0.0056927978273358755,0.008147490468480702,0.007938580456468376,0.008721993001514598,0.00846085548649919,0.005536115318326631,0.027210529064605422,0.003917062725231107,0.007364077923434481,0.0034470151982033737,0.0069462578994098296,0.056405703243327936,0.006580665378388259,0.009296495534548492,0.006841802893403666,0.025904841489528384,0.02966522170575025,0.03614143207813234,0.010184363085600877,0.0924949078184572,0.0016712800960986054,0.0018279626051078497,0.0018279626051078497,0.001619052593095524,0.009766543061576226,0.009766543061576226
158,0.008154304531911558,0.005540745387068109,0.005645287752861847,0.004547592912027599,0.0015681354869060686,0.0015158643040091998,0.001045423657937379,0.02258115101144739,0.0039203387172651715,0.006952067325283571,0.025246981339187707,0.01954942240342899,0.026344676180021953,0.029846845434112174,0.005122575923893158,0.005697558935758716,0.004965762375202551,0.003711253985677696,0.006324813130521144,0.017667659819141708,0.00250901677904971,0.003449898071193351,0.004965762375202551,0.0013067795724217238,0.001202237206627986,0.014897287125607653,0.022319795096963045,0.020228947781088285,0.008938372275364592,0.002090847315874758,0.0019863049500810203,0.0019863049500810203,0.007788406251633475,0.013695049918979666,0.0021953896816684962,0.0026135591448434477,0.0043907793633369925,0.012231456797867336,0.011604202603104909,0.007579321520045998,0.0159949819664419,0.0022476608645653653,0.00846793162929277,0.016674507344101197,0.027965082849824893,0.0015681354869060686,0.004965762375202551,0.0015158643040091998,0.001359050755318593,0.0031885421567090064,0.0029271862422246614,0.005122575923893158,0.007527050337149129,0.0016204066698029377,0.004495321729130731,0.011447389054414302,0.0029794574251215305,0.0019340337671841514,0.003972609900162041,0.0031362709738121373,0.0066907114107992265,0.011447389054414302,0.011447389054414302,0.02901050650776227,0.003083999790915268,0.0030317286080183995,0.002561287961946579,0.0029271862422246614,0.002352203230359103,0.001254508389524855,0.002352203230359103,0.002404474413255972,0.001202237206627986,0.0021953896816684962,0.002352203230359103,0.0037635251685745647,0.0037635251685745647,0.0008886101092467723,0.0009931524750405102,0.0010976948408342481,0.006167999581830536,0.002143118498771627,0.007527050337149129,0.013172338090010977,0.005593016569964978,0.008102033349014688,0.00799749098322095,0.00852020281218964,0.008415660446395901,0.005488474204171241,0.027285557472165597,0.003972609900162041,0.007265694422664785,0.00350216925409022,0.006899796142386702,0.056505148711515345,0.0066907114107992265,0.009304270555642674,0.0067429825936960956,0.026292404997125086,0.02942867597093722,0.03611938738173645,0.010297423030683185,0.09246772254456119,0.0016726778526998066,0.0018294914013904135,0.0018294914013904135,0.0015681354869060686,0.009722440018817625,0.009617897653023889
159,0.008424026789451653,0.005546253662620343,0.005650899958141482,0.004552113855169527,0.0016220175805776475,0.0015696944328170784,0.0010464629552113854,0.022655922980326496,0.003924236082042696,0.006749686061113437,0.02527208036835496,0.01946421096693177,0.026475512766848053,0.030085809962327334,0.005336961071578066,0.005755546253662621,0.0050230221850146506,0.0037149434910004188,0.00648807032231059,0.01752825449979071,0.0024068647969861866,0.0034533277521975724,0.004918375889493512,0.0012557555462536626,0.0011511092507325241,0.014702804520719967,0.022289660946002512,0.020092088740058602,0.008737965676015069,0.0019882796149016326,0.0018313101716199247,0.0018836333193804938,0.007639179573043114,0.013656341565508582,0.002092925910422771,0.0027208036835496023,0.00434282126412725,0.01234826287149435,0.011615738802846378,0.007482210129761406,0.016115529510255338,0.0021975722059439096,0.00858099623273336,0.016848053578903305,0.02814985349518627,0.001517371285056509,0.0048660527417329425,0.0014127249895353705,0.001308078694014232,0.0030870657178735873,0.0028777731268313103,0.005179991628296359,0.007848472164085392,0.0016220175805776475,0.0044474675596483885,0.011929677689409795,0.0029300962745918793,0.0018836333193804938,0.003924236082042696,0.003034742570113018,0.0068543323566345755,0.011615738802846378,0.011772708246128086,0.029091670154876518,0.003034742570113018,0.003034742570113018,0.0025115110925073253,0.0029300962745918793,0.0023022185014650483,0.0011511092507325241,0.002354541649225617,0.002459187944746756,0.0011511092507325241,0.002249895353704479,0.002354541649225617,0.0038719129342821264,0.0038719129342821264,0.0008894935119296777,0.0009418166596902469,0.0010464629552113854,0.006226454583507744,0.00214524905818334,0.007586856425282545,0.013342402678945165,0.005598576810380913,0.008057764755127669,0.007848472164085392,0.0086856425282545,0.008476349937212222,0.005598576810380913,0.02689409794893261,0.003924236082042696,0.00722059439095856,0.0035056508999581413,0.006906655504395145,0.05708455420678108,0.006802009208874006,0.009313520301381332,0.006906655504395145,0.02610925073252407,0.029091670154876518,0.03584135621598995,0.010307660108832148,0.09156550858099623,0.0017266638760987862,0.0018313101716199247,0.0018313101716199247,0.0015696944328170784,0.009679782335705316,0.009575136040184177
160,0.00828483037071994,0.0055581773373184415,0.005767919878349326,0.004614335902679461,0.0016255046929893556,0.0015730690577316344,0.001048712705154423,0.023124115148655026,0.0038278013738136437,0.006659325677730586,0.025378847464737037,0.019453620680614545,0.026584867075664622,0.030045619002674218,0.005400870431545278,0.005820355513607048,0.00503382098474123,0.0037753657385559227,0.0065020187719574225,0.017618373446594306,0.0023596035865974517,0.0034607519270095956,0.004771642808452625,0.0012584552461853075,0.0011535839756698653,0.014734413507419643,0.022652194431335537,0.020397462115253527,0.00870431545278171,0.0019401185045356826,0.0018352472340202402,0.0018352472340202402,0.0075507314771118455,0.01368570080226522,0.002097425410308846,0.0026742173981437784,0.004299722091133134,0.012427245556079911,0.011745582297729536,0.0075507314771118455,0.016097740024120392,0.0022547323160820093,0.008442137276493105,0.01683183891772849,0.028157936133396257,0.0015206334224739132,0.004981385349483509,0.001415762151958471,0.0012584552461853075,0.003146138115463269,0.002883959939174663,0.005191127890514393,0.007970216559173614,0.0016255046929893556,0.004404593361648577,0.0119028892035027,0.002883959939174663,0.0018352472340202402,0.0038278013738136437,0.0029888312096901055,0.006711761312988307,0.011693146662471815,0.01185045356824498,0.0292590844738084,0.003146138115463269,0.0030412668449478265,0.0025693461276283364,0.0029888312096901055,0.0023596035865974517,0.0011535839756698653,0.0023071679513397307,0.0023596035865974517,0.0011011483404121441,0.002149861045566567,0.0022547323160820093,0.003880237009071365,0.003880237009071365,0.0008914057993812595,0.0009438414346389807,0.001048712705154423,0.005977662419380211,0.0019401185045356826,0.007708038382885009,0.013423522625976615,0.005715484243091605,0.007970216559173614,0.007865345288658171,0.008756751088039432,0.008547008547008548,0.0055581773373184415,0.026794609616695508,0.003932672644329086,0.007131246395050076,0.003513187562267317,0.006921503854019191,0.05731214933668921,0.006816632583503749,0.00912380053484348,0.006816632583503749,0.025431283099994758,0.02920664883855068,0.03560379633999266,0.010172513239997903,0.09165749043049656,0.0016779403282470768,0.0018352472340202402,0.0018352472340202402,0.0015730690577316344,0.00954328561690525,0.009595721252162969
161,0.008406893652795292,0.005569567044976881,0.005832282471626734,0.004623791509037411,0.0015762925598991173,0.0015762925598991173,0.0010508617065994115,0.023171500630517025,0.003888188314417823,0.00635771332492644,0.02558848255569567,0.019230769230769232,0.026744430432955022,0.03021227406473308,0.005517023959646911,0.005937368642286675,0.005149222362337116,0.0037831021437578815,0.006515342580916352,0.017707019756200083,0.0023118957545187053,0.0034678436317780582,0.00457124842370744,0.0012610340479192938,0.0011034047919293822,0.014449348465741908,0.02264606977721732,0.020334174022698614,0.008774695250105087,0.0018915510718789407,0.0017339218158890291,0.0017864649012189996,0.007566204287515763,0.013818831441782262,0.001996637242538882,0.002574611181168558,0.004150903741067675,0.012505254308532996,0.01187473728457335,0.007513661202185792,0.016183270281630937,0.0022068095838587644,0.008406893652795292,0.017181588902900377,0.02826817990752417,0.0014712063892391761,0.0048865069356872634,0.001366120218579235,0.0012610340479192938,0.0031525851197982345,0.0028898696931483818,0.005254308532997058,0.008039092055485498,0.001628835645229088,0.004361076082387558,0.01187473728457335,0.0029424127784783522,0.0017864649012189996,0.0036780159730979405,0.0028373266078184113,0.006725514922236234,0.01187473728457335,0.012084909625893233,0.029424127784783524,0.0031525851197982345,0.003100042034468264,0.0025220680958385876,0.0029949558638083227,0.002364438839848676,0.0011559478772593527,0.002259352669188735,0.0023118957545187053,0.0011034047919293822,0.002101723413198823,0.0022068095838587644,0.003835645229087852,0.003888188314417823,0.0008406893652795292,0.0009457755359394704,0.000998318621269441,0.005989911727616645,0.0019440941572089114,0.007776376628835646,0.01355611601513241,0.005674653215636823,0.007934005884825557,0.007776376628835646,0.008879781420765027,0.008827238335435058,0.005622110130306852,0.026744430432955022,0.003940731399747793,0.007093316519546027,0.003572929802437999,0.006830601092896175,0.057324506094997896,0.006830601092896175,0.00914249684741488,0.0068831441782261455,0.02548339638503573,0.028846153846153848,0.035414039512400165,0.010403530895334174,0.09147751155947877,0.0016813787305590584,0.0017864649012189996,0.0017864649012189996,0.0015237494745691468,0.009510298444724674,0.009405212274064732
162,0.008659380115106394,0.00559691641586145,0.0058609219071756695,0.004593695548867417,0.00163683404614816,0.001584032947885316,0.0010560219652568773,0.02360209092349121,0.0038544801731876023,0.005913723005438513,0.02581973705053065,0.01900839537462379,0.027139764507101746,0.03073023918897513,0.005491314219335762,0.005966524103701357,0.005121706531495855,0.0038016790749247583,0.006600137282855484,0.01800517450762976,0.0021648450287765986,0.003484872485347695,0.004329690057553197,0.001161624161782565,0.0010560219652568773,0.014150694334442156,0.022968477744337083,0.020698030519034797,0.00860657901684355,0.0017424362426738476,0.00163683404614816,0.00163683404614816,0.007444954855060985,0.01393948994139078,0.0018480384391995354,0.002428850520090818,0.0038544801731876023,0.01283066687787106,0.012197053698716933,0.007392153756798142,0.015945931675378847,0.0021120439305137547,0.00834257352552933,0.01705475473889857,0.028354189767147157,0.0013728285548339405,0.00491050213844448,0.0012672263583082528,0.001161624161782565,0.003062463699244944,0.002851259306193569,0.005280109826284387,0.008236971329003643,0.00163683404614816,0.004276888959290353,0.012038650403928403,0.002851259306193569,0.00163683404614816,0.0034320713870848512,0.0025872538148793496,0.006494535086329796,0.012249854796979777,0.012355456993505464,0.02946301283066688,0.003168065895770632,0.003062463699244944,0.0025344527166165057,0.0030096626009821006,0.002376049421827974,0.0010560219652568773,0.0021120439305137547,0.0022176461270394425,0.0010032208669940334,0.002006441733988067,0.0020592428322509107,0.0038544801731876023,0.003907281271450446,0.0008448175722055018,0.0008976186704683458,0.0009504197687311896,0.005966524103701357,0.0017424362426738476,0.007867363641163735,0.013622683351813717,0.005755319710649982,0.007972965837689423,0.0077617614446380484,0.00887058450815777,0.00887058450815777,0.005649717514124294,0.026717355720999,0.00396008236971329,0.007022546068958234,0.003590474681873383,0.0067057394793811715,0.05750039600823697,0.0068641427741697025,0.00913458999947199,0.0068641427741697025,0.025872538148793495,0.028776598553249908,0.03500712814826548,0.01050741855430593,0.09197951317387401,0.0016896351444110036,0.0017952373409366915,0.0018480384391995354,0.001531231849622472,0.009398595490786208,0.009504197687311896
163,0.008911622020670744,0.005484075089643535,0.005905927019616114,0.0044821767559586586,0.0016874077198903185,0.0016346762286437461,0.0010018983336848766,0.024151022990930183,0.0037966673697532164,0.005273149124657245,0.026365745623286228,0.018034170006327777,0.028053153343176544,0.03153343176545033,0.00558953807213668,0.00601139000210926,0.005220417633410673,0.0036912043872600717,0.006749630879561274,0.01829782746256064,0.002003796667369753,0.0034802784222737818,0.0038493988609997892,0.0011073613161780215,0.0010018983336848766,0.01334106728538283,0.023149124657245307,0.020934402024889266,0.00817338114321873,0.0015819447373971735,0.0014764817549040286,0.0014237502636574562,0.0069605568445475635,0.01439569711031428,0.0017401392111368909,0.0021619911411094707,0.0034802784222737818,0.013288335794136259,0.012602826407930817,0.0071187513182872815,0.015872178865218307,0.0019510651761231808,0.008226112634465302,0.017137734655136048,0.028000421851929972,0.0012655557899177389,0.004798565703438094,0.0012128242986711665,0.001054629824931449,0.00300569500105463,0.0027420375448217677,0.005378612107150391,0.008542501581944738,0.0016874077198903185,0.004218519299725796,0.012497363425437672,0.0026893060535751953,0.0014764817549040286,0.002952963509808057,0.002320185614849188,0.006064121493355832,0.012655557899177388,0.012761020881670533,0.03037333895802573,0.0033220839485340646,0.00300569500105463,0.0025311115798354778,0.0030584264923012023,0.0024783800885889054,0.0009491668424383041,0.0018456021936300358,0.0018983336848766082,0.0008964353511917317,0.0016874077198903185,0.0017928707023834635,0.0038493988609997892,0.0038493988609997892,0.0007382408774520143,0.0008437038599451593,0.0008437038599451593,0.00580046403712297,0.0015292132461506012,0.008015186669479013,0.0139738451803417,0.00580046403712297,0.007804260704492723,0.0076987977219995785,0.009069816494410462,0.008964353511917317,0.005747732545876397,0.0264184771145328,0.0039021303522463616,0.006749630879561274,0.003585741404766927,0.006485973423328411,0.05932292765239401,0.006749630879561274,0.009017085003163889,0.0069605568445475635,0.025732967728327356,0.028949588694368276,0.0352246361527104,0.010651761231807635,0.09233284117274837,0.0017401392111368909,0.0018983336848766082,0.0018983336848766082,0.0015819447373971735,0.009386205441889896,0.009386205441889896
164,0.009744150904069616,0.0056276379552915425,0.006044500026053879,0.004637590537230994,0.001667448283049346,0.001615340524204054,0.0009900474180605493,0.024178000104215516,0.0036996508780157366,0.00479391381376687,0.026627064769944246,0.017299775936636966,0.028294513052993592,0.031994163931009324,0.005940284508363296,0.006357146579125632,0.005731853472982127,0.0036475431191704444,0.0067219008910426765,0.018394038872388097,0.0018758793184305144,0.003334896566098692,0.0033870043249439844,0.0010421551769058412,0.0009379396592152572,0.012714293158251264,0.022823198374237925,0.020790995779271532,0.007607732791412641,0.0014069094888228856,0.0013026939711323017,0.0013548017299775937,0.006513469855661508,0.014485956958991193,0.001615340524204054,0.0019800948361210985,0.003230681048408108,0.013495909540930644,0.01287061643478714,0.006878224167578552,0.015736543171278202,0.0017716638007399302,0.008128810379865563,0.017039237142410506,0.02777343546454067,0.0012505862122870095,0.004689698296076286,0.0011463706945964254,0.0009900474180605493,0.0028659267364910634,0.0026053879422646034,0.005679745714136835,0.00958782762753374,0.001615340524204054,0.004116512948778073,0.014538064717836486,0.0027617112188004795,0.0013026939711323017,0.0026053879422646034,0.0020843103538116825,0.006044500026053879,0.012974831952477724,0.013026939711323016,0.030378823406805273,0.003230681048408108,0.002970142254181648,0.002501172424574019,0.002970142254181648,0.002396956906883435,0.0008858319003699651,0.001615340524204054,0.001615340524204054,0.000833724141524673,0.0014590172476681778,0.0015111250065134698,0.0038038663957063205,0.0038559741545516127,0.0007295086238340889,0.0007295086238340889,0.000781616382679381,0.005783961231827419,0.0015111250065134698,0.008493564691782607,0.015215465582825282,0.005888176749518003,0.0077640560679485176,0.00755562503256735,0.00958782762753374,0.009639935386379032,0.00630503882028034,0.02605387942264603,0.0038038663957063205,0.0065655776145068,0.0033870043249439844,0.006200823302589756,0.05903809077171591,0.006513469855661508,0.009066750039080819,0.0071908707206503044,0.027096034599551875,0.028450836329529466,0.03433901307904747,0.010734198322130165,0.0919180866030952,0.001719556041894638,0.0018758793184305144,0.0018758793184305144,0.001563232765358762,0.009327288833307279,0.009275181074461987
165,0.01069249003883593,0.0054975538407222475,0.006304534221011752,0.005043627376809402,0.0017652695818832905,0.0017148333081151964,0.0010087254753618803,0.02350330357593181,0.003631411711302769,0.004287083270287991,0.026075553538104604,0.016442225248398647,0.027689514298683614,0.0320270338427397,0.006556715589852222,0.006808896958692692,0.006808896958692692,0.003480102889998487,0.006506279316084128,0.01785444091390528,0.0018661421294194785,0.003127048973621829,0.003127048973621829,0.0010087254753618803,0.0008574166540575982,0.011852524335502093,0.022444141826801836,0.020275382054773795,0.007212387148837444,0.0013113431179704444,0.0011600342966661622,0.0012104705704342564,0.0059514803046350935,0.014122156655066324,0.0015130882130428205,0.0017652695818832905,0.0030766126998537347,0.013416048822313007,0.01270994098955969,0.0064054067685479395,0.01533262722550058,0.0015130882130428205,0.008069803802895043,0.016643970343471023,0.026983406465930296,0.0012609068442023504,0.0043375195440560855,0.0011095980228980683,0.0010087254753618803,0.0026731225097089825,0.002420941140868513,0.006304534221011752,0.011499470419125435,0.0016643970343471024,0.0040853381752156154,0.01911534775810763,0.002773995057245171,0.0012104705704342564,0.0021687597720280428,0.0019165784031875725,0.005699298935794623,0.013012558632168256,0.012962122358400162,0.029959146618247844,0.0028244313310132646,0.002874867604781359,0.0023705048671004187,0.0028244313310132646,0.0021687597720280428,0.0009078529278256923,0.0013617793917385383,0.0014122156655066323,0.0008574166540575982,0.0012104705704342564,0.0012609068442023504,0.003681847985070863,0.003782720532607051,0.0005547990114490341,0.0007061078327533162,0.0007565441065214102,0.006102789125939375,0.0013113431179704444,0.009381146920865486,0.017551823271296715,0.006506279316084128,0.007716749886518384,0.00741413224390982,0.010541181217531649,0.010591617491299743,0.007313259696373632,0.025319009431583196,0.003681847985070863,0.0064054067685479395,0.003127048973621829,0.005749735209562718,0.05800171483330811,0.006304534221011752,0.009482019468401675,0.007968931255358854,0.03051394562969688,0.027336460382306957,0.03338881323447824,0.01069249003883593,0.09028093004488828,0.0017652695818832905,0.0019670146769556664,0.0019670146769556664,0.0016139607605790084,0.009381146920865486,0.009229838099561204
166,0.011727604217995466,0.005568148221149108,0.006356558588745442,0.005272494333300483,0.0017739233270917512,0.0017246476791169805,0.0009855129594954174,0.023011727604217994,0.0034985710062087317,0.0038435005420321276,0.02562333694688085,0.015423277816103281,0.027446535921947374,0.032127722479550605,0.006750763772543609,0.006947866364442693,0.007539174140139943,0.00340001971025919,0.006405834236720213,0.0175914063269932,0.0019217502710160638,0.002907263230511481,0.0028579875825367105,0.0009362373115206465,0.0008376860155711048,0.011136296442298216,0.02217404158864689,0.020203015669656058,0.00680003942051838,0.0013304424953188133,0.00113333990341973,0.0011826155513945007,0.005568148221149108,0.014142110968759239,0.001527545087217897,0.0013797181432935843,0.0028087119345619393,0.013452251897112447,0.012762392825465655,0.0059623534049472755,0.01532472652015374,0.0013797181432935843,0.008031930619887651,0.01650734207154824,0.026461022962451956,0.0013304424953188133,0.004089878781905982,0.0011826155513945007,0.0009855129594954174,0.002513058046713314,0.0022174041588646893,0.006553661180644525,0.012910219769389967,0.0016753720311422095,0.004089878781905982,0.02261752242041983,0.0026608849906376267,0.0011826155513945007,0.0015768207351926679,0.0019217502710160638,0.0051246673893761705,0.013255149305213364,0.013008771065339509,0.03020597220853454,0.002611609342662856,0.002907263230511481,0.0023652311027890015,0.0026608849906376267,0.0020695772149403767,0.0009362373115206465,0.0009855129594954174,0.0010347886074701883,0.0008376860155711048,0.0008869616635458756,0.0008869616635458756,0.0036463979501330443,0.003744949246082586,0.0004927564797477087,0.0006898590716467921,0.0006405834236720213,0.006208731644821129,0.001478269439243126,0.009510200059130778,0.018971124470286784,0.006652212476594067,0.007539174140139943,0.007243520252291318,0.010889918202424362,0.010988469498373904,0.008031930619887651,0.024834926579284516,0.0035478466541835024,0.006060904700896817,0.002907263230511481,0.005518872573174337,0.0581945402582044,0.006208731644821129,0.009756578299004632,0.00852468709963536,0.03340888932689465,0.026461022962451956,0.03266975460727309,0.010939193850399133,0.08904109589041095,0.0018231989750665221,0.0020695772149403767,0.0020695772149403767,0.0016260963831674386,0.009460924411156006,0.00911599487533261
167,0.012131291884752727,0.005625397446558724,0.006359144939588123,0.005380814948882258,0.0017609939832705572,0.0017609939832705572,0.000978329990705865,0.022941838282052537,0.0035219879665411144,0.0035219879665411144,0.025387663258817198,0.01501736535733503,0.027099740742552465,0.03208922369515237,0.006750476935870469,0.006897226434476349,0.007728806926576334,0.0032774054688646482,0.0063102284400528294,0.01790343882991733,0.001907743481876437,0.0029349899721175954,0.002739323973976422,0.0008804969916352786,0.0007826639925646921,0.011006212395440982,0.02220809078902314,0.020398180306217286,0.006750476935870469,0.0012718289879176247,0.0010761629897764516,0.001125079489311745,0.005478647947952844,0.014626033361052683,0.0014674949860587977,0.0010761629897764516,0.0025925744753705427,0.013794452868952698,0.013060705375923298,0.005821063444699897,0.015310864354546788,0.0013207454874529178,0.008071222423323386,0.016191361346182067,0.02602357775277601,0.0013207454874529178,0.00406006946142934,0.001173995988847038,0.000978329990705865,0.0025436579758352494,0.0022012424790881966,0.006750476935870469,0.013403120872670352,0.0016631609841999706,0.004011152961894047,0.023675585775081935,0.002494741476299956,0.001173995988847038,0.0012718289879176247,0.0018588269823411436,0.004695983955388152,0.013354204373135059,0.012962872376852713,0.03023039671281123,0.0026414909749058356,0.0029349899721175954,0.002347991977694076,0.002690407474441129,0.0020544929804823166,0.0009294134911705718,0.0007826639925646921,0.0007826639925646921,0.0008804969916352786,0.0007337474930293989,0.0007337474930293989,0.003619820965611701,0.003717653964682287,0.0004891649953529325,0.0006359144939588123,0.000586997994423519,0.006114562441911657,0.0015653279851293841,0.00963655040845277,0.019322017316440836,0.006701560436335176,0.007337474930293988,0.007141808932152815,0.010957295895905689,0.011055128894976276,0.008315804920999854,0.024849581763928975,0.003619820965611701,0.005967812943305777,0.0029349899721175954,0.005380814948882258,0.057623636452575455,0.006408061439123416,0.010125715403805703,0.008707136917282199,0.034975297167734676,0.026219243750917186,0.03248055569143472,0.010908379396370396,0.0884899476593455,0.0018588269823411436,0.00210340948001761,0.0020544929804823166,0.0016631609841999706,0.00963655040845277,0.009098468913564545
168,0.0120040989606207,0.005660469428585371,0.00644122383252818,0.005416483677353243,0.0018054945591177475,0.0017079002586248963,0.0009759430049285122,0.02288586346557361,0.0036597862684819207,0.0033182062167569416,0.02513053237690919,0.014541550773434832,0.02713121553701264,0.032157322012394476,0.0069291953349924365,0.0071243839359781385,0.007953935490167374,0.003269409066510516,0.006148440931049627,0.018201337041916753,0.0019030888596105987,0.0030254233152783878,0.0025374518128141316,0.0007807544039428097,0.0007807544039428097,0.010832967354706485,0.02220270336212365,0.020641194554238032,0.00688039818474601,0.0013175230566534915,0.001122334455667789,0.0011711316059142146,0.005562875128092519,0.014834333674913385,0.0015127116576391939,0.0007807544039428097,0.0024398575123212806,0.013809593519738447,0.013126433416288488,0.005758063729078222,0.015371102327624066,0.0012687259064070658,0.008100326940906651,0.015859073830088322,0.025813692480359147,0.0013175230566534915,0.004098960620699751,0.0012199287561606403,0.0010247401551749377,0.002635046113306983,0.0022934660615820035,0.0069291953349924365,0.013419216317767043,0.0017079002586248963,0.0040013663202069,0.02391060362074855,0.002391060362074855,0.0012199287561606403,0.0009271458546820866,0.0019030888596105987,0.004098960620699751,0.01322402771678134,0.01278485336456351,0.030254233152783878,0.002635046113306983,0.0030254233152783878,0.002391060362074855,0.0027814375640462597,0.002098277460596301,0.0009759430049285122,0.0006343629532035329,0.0006343629532035329,0.000878348704435661,0.0005367686527106817,0.0005367686527106817,0.0035621919679890693,0.0036597862684819207,0.0004391743522178305,0.0006343629532035329,0.0005367686527106817,0.006099643780803201,0.0010735373054213634,0.010149807251256526,0.01966525154930952,0.006831601034499585,0.007368369687210267,0.0071243839359781385,0.011320938857170742,0.011516127458156444,0.008490704142878057,0.02498414092616991,0.0036597862684819207,0.0060508466305567755,0.0030254233152783878,0.005465280827599668,0.05748304299028937,0.00644122383252818,0.010247401551749379,0.008832284194603034,0.03445078807397648,0.026301663982823402,0.032498902064119456,0.011076953105938613,0.08817645049529108,0.0018542917093641732,0.0020494803103498754,0.0020494803103498754,0.001610305958132045,0.00966183574879227,0.00922266139657444
169,0.011836634874052336,0.005478112007825874,0.006505258009293226,0.005380288579114698,0.001809733431156762,0.0017608217168011738,0.0009782342871117633,0.022499388603570557,0.003619466862313524,0.0034238200048911714,0.02504279775006114,0.014722426021032037,0.02690144289557349,0.03193934947419907,0.006945463438493519,0.00719002201027146,0.008021521154316459,0.0031792614331132307,0.005967229151381756,0.017950599168500857,0.0019564685742235266,0.0030325262900464662,0.0026412325752017607,0.0007825874296894106,0.0007825874296894106,0.010662753729518219,0.02186353631694791,0.020298361457569088,0.0067498165810711665,0.0013206162876008803,0.0011249694301785278,0.001173881144534116,0.005380288579114698,0.014820249449743214,0.0015162631450232331,0.0008804108584005869,0.0024944974321349962,0.013744191733920275,0.013010516018586452,0.005624847150892639,0.015358278307654682,0.0014184397163120568,0.008217168011738812,0.015651748593788213,0.025385179750550258,0.0013206162876008803,0.004206407434580582,0.001222792858889704,0.0010271460014673515,0.0026412325752017607,0.002347762289068232,0.006994375152849107,0.013401809733431157,0.0017119100024455857,0.004059672291513818,0.02426021032037173,0.0025434091464905844,0.001222792858889704,0.0009782342871117633,0.0019075568598679383,0.00425531914893617,0.013108339447297628,0.012619222303741746,0.030227439471753485,0.002690144289557349,0.002983614575690878,0.00239667400342382,0.0028368794326241137,0.0022010271460014674,0.0009782342871117633,0.0006358522866226461,0.0006358522866226461,0.0008804108584005869,0.000586940572267058,0.0005380288579114698,0.003619466862313524,0.003668378576669112,0.0004891171435558817,0.0006358522866226461,0.000586940572267058,0.006113964294448521,0.001173881144534116,0.010222548300317926,0.020151626314502322,0.006798728295426755,0.007581315725116165,0.007336757153338224,0.011494252873563218,0.011592076302274395,0.008559550012227928,0.025385179750550258,0.003619466862313524,0.006162876008804109,0.0030325262900464662,0.005527023722181462,0.05752017608217168,0.0064074345805820495,0.01012472487160675,0.00880410858400587,0.03423820004891171,0.026510149180728783,0.03237955490339937,0.010760577158229395,0.0883834678405478,0.0018586451455123501,0.002103203717290291,0.002103203717290291,0.0016140865737344094,0.009635607728050869,0.00934213744191734
170,0.011025249790815574,0.0051680858394448,0.006792341388984594,0.0053649652999950784,0.0018211350100900724,0.0017226952798149334,0.0009843973027513905,0.022198159177043854,0.003642270020180145,0.003937589211005562,0.024511492838509622,0.015553477383471969,0.026529507309149974,0.031156174632081507,0.00718610031008515,0.007481419500910568,0.008022838017423832,0.0032485110990795887,0.0058079440862332035,0.01762071171924989,0.001968794605502781,0.0031500713688044496,0.003002411773391741,0.0008859575724762515,0.0007875178422011124,0.011172909386228282,0.021312201604567604,0.01988482551557809,0.006743121523847024,0.0013289363587143772,0.001132056898164099,0.0011812767633016686,0.005414185165132647,0.0143722006201703,0.0015258158192646553,0.0012304966284392381,0.0028055323128414627,0.01353546291283162,0.012747945070630507,0.0058079440862332035,0.0155042575183344,0.0015750356844022248,0.00821971747797411,0.01540581778805926,0.025545110006398582,0.0013289363587143772,0.004429787862381257,0.0011812767633016686,0.0009843973027513905,0.0027563124477038934,0.002362553526603337,0.007038440714672442,0.013289363587143771,0.0017226952798149334,0.004232908401830979,0.02372397499630851,0.0028547521779790325,0.0012304966284392381,0.0015750356844022248,0.001968794605502781,0.005020426244032091,0.012747945070630507,0.01240340601466752,0.029531919082541713,0.0028547521779790325,0.003002411773391741,0.0024117733917409065,0.0029039720431166018,0.0022148939311906284,0.000935177437613821,0.0009843973027513905,0.0009843973027513905,0.0008859575724762515,0.0008859575724762515,0.0008859575724762515,0.003740709750455284,0.003839149480730423,0.0006398582467884038,0.0006398582467884038,0.0006398582467884038,0.0062509228724713295,0.0007875178422011124,0.010877590195402865,0.020229364571541075,0.007038440714672442,0.0077767386917359845,0.007579859231185706,0.011861987498154255,0.012157306688979672,0.008465816803661957,0.025545110006398582,0.003642270020180145,0.006398582467884038,0.0031500713688044496,0.0058079440862332035,0.05675050450361766,0.006398582467884038,0.009745533297238766,0.008761135994487376,0.03184525274400748,0.02702170596052567,0.03243589112565832,0.010631490869715017,0.08756214007973619,0.0018211350100900724,0.00206723433577792,0.0020180144706403503,0.0016242555495397943,0.009597873701826057,0.00930255451100064
171,0.010658771280532938,0.005033308660251665,0.0069578090303478906,0.005477424130273871,0.0018258080434246237,0.001776461880088823,0.0009869232667160128,0.021366888724401678,0.0036022699235134467,0.004687885516901061,0.024278312361213916,0.016333580064150012,0.025906735751295335,0.030594621268196398,0.007352578337034296,0.0076486553170490995,0.008043424623735505,0.003306192943498643,0.005773501110288675,0.016728349370836417,0.0021218850234394275,0.0031088082901554403,0.003404885270170244,0.0010362694300518134,0.0007895386133728102,0.01164569454724895,0.020528003947693066,0.01904761904761905,0.006711078213668887,0.0014310387367382185,0.001233654083395016,0.0012830002467308166,0.005280039476930669,0.013668887244016778,0.0017271157167530224,0.001776461880088823,0.003306192943498643,0.012978040957315569,0.012139156180606958,0.006020231926967678,0.0153960029607698,0.0017271157167530224,0.008339501603750308,0.0153960029607698,0.025758697261287936,0.0014310387367382185,0.00458919319022946,0.001233654083395016,0.0010362694300518134,0.002763385146804836,0.0023686158401184307,0.007007155193683691,0.013027387120651369,0.0017271157167530224,0.004293116210214656,0.0232913890944979,0.003158154453491241,0.0013323464100666173,0.0022205773501110288,0.0022205773501110288,0.006020231926967678,0.01228719467061436,0.011991117690599556,0.02921292869479398,0.0028127313101406364,0.0029607698001480384,0.0023686158401184307,0.002862077473476437,0.002171231186775228,0.0009869232667160128,0.0013323464100666173,0.0013323464100666173,0.0009375771033802121,0.0011843079200592153,0.0011843079200592153,0.0037503084135208486,0.00384900074019245,0.000690846286701209,0.000690846286701209,0.0007895386133728102,0.006612385886997286,0.0005921539600296077,0.011152232913890945,0.020083888477670862,0.007056501357019492,0.007895386133728102,0.0075993091537132984,0.012040463853935356,0.012435233160621761,0.00853688625709351,0.025610658771280534,0.0036516160868492473,0.0065630397236614854,0.003158154453491241,0.006020231926967678,0.05655070318282754,0.006266962743646682,0.009671848013816925,0.008734270910436713,0.030397236614853194,0.027436466814705157,0.032716506291635826,0.010510732790525537,0.08699728596101654,0.0018258080434246237,0.002023192696767826,0.002023192696767826,0.001628423390081421,0.009523809523809525,0.009375771033802122
172,0.010734519431468045,0.005069078620415466,0.00740483053374416,0.005416956564953782,0.0013418149289335056,0.001292118079713746,0.0008448464367359109,0.021170857767617533,0.0036775668422622007,0.005019381771195706,0.024599940363780937,0.017095716131597258,0.026538117483351557,0.030961137063910148,0.007703011629062718,0.008100586422820794,0.007901799025941755,0.003279992048504125,0.005764834509492099,0.016499353940960144,0.0021866613656694165,0.0033296888977238843,0.0035284762946029224,0.0011927243812742273,0.0008448464367359109,0.011579365868203956,0.019928436537123548,0.018487227909750523,0.006609680946228009,0.0015406023258125435,0.0013418149289335056,0.0014412086273730247,0.005416956564953782,0.013368452440115296,0.0018387834211311003,0.0018387834211311003,0.0035284762946029224,0.012473909154159626,0.011678759566643476,0.0060133187555908955,0.015306629559685916,0.001987873968790379,0.007951495875161516,0.015207235861246397,0.025593877348176124,0.001490905476592784,0.004572110128217871,0.001292118079713746,0.0010933306828347083,0.0027830235563065303,0.002484842460987973,0.007305436835304642,0.01302057449557698,0.0013418149289335056,0.004373322731338833,0.022959944339528873,0.002981810953185568,0.0014412086273730247,0.002435145611768214,0.0023854487625484546,0.006361196700129212,0.012026637511181791,0.011778153265082993,0.02872477884902097,0.0026836298578670112,0.0028824172547460493,0.002335751913328695,0.0028824172547460493,0.002236358214889176,0.0010436338336149487,0.0014412086273730247,0.0014412086273730247,0.0009442401351754299,0.001292118079713746,0.001292118079713746,0.003926051088360998,0.004025444786800517,0.0006957558890766326,0.000646059039856873,0.0008448464367359109,0.006758771493887287,0.000745452738296392,0.01212603120962131,0.020127223934002583,0.007007255739986085,0.008150283272040553,0.007852102176721996,0.012871483947917702,0.013467846138554816,0.00834907066891959,0.025494483649736607,0.0036775668422622007,0.006758771493887287,0.003279992048504125,0.006361196700129212,0.05779743564258026,0.006361196700129212,0.009591491899413577,0.008647251764238147,0.02961932213497664,0.027532054467746744,0.033147798429579566,0.009591491899413577,0.0850810058642282,0.0014412086273730247,0.0014412086273730247,0.0014412086273730247,0.0012424212304939866,0.00929331080409502,0.008647251764238147
173,0.01186542505256834,0.005056573545609292,0.007309502353058977,0.005457094222489236,0.0012516271152498248,0.0011514969460298388,0.0007509762691498949,0.020977270451587062,0.0036547511765294884,0.005457094222489236,0.024732151797336538,0.01757284469810754,0.0264343646740763,0.031090417542805646,0.0078602182837689,0.00821067387603885,0.008260738960648844,0.0030539701612095726,0.0065084609992990886,0.015820566736757784,0.0022028637228396915,0.0032542304996495443,0.0039050765995794533,0.0012516271152498248,0.0008010413537598879,0.01156503454490838,0.019725643336337237,0.017773105036547512,0.0065084609992990886,0.0016020827075197757,0.0013517572844698109,0.0014018223690798037,0.005106638630219285,0.013016921998598177,0.0018524081305697406,0.0021527986382296987,0.0037548813457494745,0.012265945729448283,0.01156503454490838,0.0058576148993691795,0.013868028436968058,0.0016020827075197757,0.007259437268448984,0.015520176229097828,0.02493241213577651,0.0014518874536897967,0.0045058576148993695,0.0012516271152498248,0.0010513667768098527,0.0028036447381596073,0.0025032542304996496,0.00735956743766897,0.012766596575548213,0.0012015620306398318,0.0039050765995794533,0.024982477220386504,0.0030539701612095726,0.0014518874536897967,0.0029037749073795934,0.0024031240612796636,0.007259437268448984,0.012115750475618303,0.01206568539100831,0.029037749073795936,0.0022529288074496848,0.0029037749073795934,0.0023530589766696704,0.0028537098227696006,0.0022028637228396915,0.0010013016921998597,0.0017022128767397618,0.0017522779613497546,0.0009512366075898668,0.0015019525382997897,0.0015019525382997897,0.0033042955842595375,0.0034044257534795236,0.0005006508460999299,0.0006508460999299089,0.0009011715229798738,0.00685891659156904,0.0007509762691498949,0.01271653149093822,0.02077701011314709,0.006908981676179033,0.0074096325222789625,0.007059176930009012,0.013467507760088114,0.013968158606188044,0.008561129468308802,0.024231500951236606,0.003604686091919495,0.00635826574546911,0.0032041654150395515,0.0063082006608591165,0.05907679983979173,0.00635826574546911,0.010063082006608591,0.008961650145188745,0.03254230499649544,0.02848703314308601,0.03369380194252528,0.008961650145188745,0.08145589266045859,0.0013517572844698109,0.0013517572844698109,0.0013016921998598178,0.0011514969460298388,0.00871132472213878,0.007960348452988885
174,0.012324390120200842,0.005223918446011056,0.007049754019374144,0.005528224374904904,0.001267941370391033,0.0011665060607597504,0.0008114824770502611,0.021149262058122432,0.0034995181822792512,0.005376071410457981,0.02485165085966425,0.017396155601764975,0.02682963939747426,0.031698534259775826,0.0072526246386367095,0.007810518841608764,0.007810518841608764,0.0030937769437541208,0.0069990363645585025,0.015570320028401887,0.002180859157072577,0.003144494598569762,0.0038545417659887407,0.0013186590252066744,0.0008114824770502611,0.011360754678703656,0.0198813206877314,0.0175483085662119,0.006238271542323883,0.0016229649541005223,0.0013693766800223159,0.001420094334837957,0.00497033017193285,0.01303443728761982,0.001876553228178729,0.0021301415022569356,0.003702388801541817,0.0122736724653852,0.011614342952781864,0.00573109499416747,0.013896637419485724,0.001572247299284881,0.007455495257899274,0.016128214231373943,0.025713850991530153,0.0014708119896535985,0.004412435968960795,0.001267941370391033,0.0010650707511284678,0.0026880357052289903,0.0024344474311507837,0.007049754019374144,0.012222954810569559,0.0012172237155753918,0.004057412385251306,0.024344474311507835,0.003296647563016686,0.0014708119896535985,0.002840188669675914,0.002485165085966425,0.007506212912714916,0.012375107775016483,0.012375107775016483,0.029619110412334535,0.002180859157072577,0.002840188669675914,0.0022822944667038594,0.002840188669675914,0.002180859157072577,0.0010143530963128266,0.0016736826089161637,0.0016736826089161637,0.0009129177866815439,0.0014708119896535985,0.0014708119896535985,0.0033473652178323274,0.0034488005274636102,0.00040574123852513057,0.0006593295126033372,0.0009636354414971852,0.0069990363645585025,0.0017751179185474463,0.01151290764315058,0.019982755997362683,0.006593295126033372,0.007455495257899274,0.007100471674189785,0.012679413703910332,0.013135872597251103,0.008266977734949535,0.02419232134706091,0.0034995181822792512,0.006238271542323883,0.003144494598569762,0.006238271542323883,0.06081046812395395,0.006390424506770807,0.009991377998681342,0.008926307247552874,0.033575087487954555,0.027793274838971448,0.033575087487954555,0.009027742557184157,0.08180757721762946,0.0013693766800223159,0.0013693766800223159,0.0013186590252066744,0.0011665060607597504,0.00882487193792159,0.008114824770502613
175,0.012271193373555579,0.00552203701810001,0.007004806217404643,0.005573166990489825,0.0012782493097453728,0.0011759893649657429,0.0008180795582370385,0.02111667859699356,0.003476838122507414,0.005061867266591676,0.024849166581450047,0.01697515083341855,0.02699662542182227,0.03195623274363432,0.006953676245014828,0.007567235913692606,0.007669495858472236,0.003272318232948154,0.007362716024133347,0.015543511606503732,0.0021474588403722263,0.0031700582881685245,0.0036302280396768587,0.0012782493097453728,0.0008692095306268535,0.010941814091420391,0.019889559259638,0.017639840474486145,0.006340116576337049,0.001687289088863892,0.0014827691993046324,0.0015338991716944473,0.005164127211371306,0.012935883014623173,0.0018918089784231516,0.0017895490336435219,0.0035279680948972288,0.012117803456386134,0.011504243787708354,0.00562429696287964,0.014725432048266695,0.0018406790060333368,0.007771755803251866,0.01677063094385929,0.02658758564270375,0.0014316392269148174,0.004346047653134268,0.0012782493097453728,0.0010737294201861132,0.0027098885366601904,0.0024542386747111156,0.007004806217404643,0.012220063401165764,0.0013293792821351877,0.0044994375703037125,0.024184476940382452,0.003374578177727784,0.0015338991716944473,0.0024542386747111156,0.0025053686471009306,0.007209326106963902,0.012168933428775949,0.012629103180284283,0.029501994068923204,0.0022497187851518562,0.00281214848143982,0.0022497187851518562,0.002863278453829635,0.0021985888127620413,0.0010225994477962982,0.0014827691993046324,0.0014827691993046324,0.0009714694754064833,0.0012782493097453728,0.0013293792821351877,0.0036302280396768587,0.0037324879844564886,0.00040903977911851925,0.0006646896410675939,0.0009203395030166684,0.0071070661621842725,0.0024031087023213007,0.010839554146640762,0.01948051948051948,0.006749156355455568,0.007720625830862051,0.007413845996523162,0.012168933428775949,0.012373453318335208,0.008180795582370386,0.024798036609060232,0.003476838122507414,0.006442376521116679,0.0031189283157787096,0.006084466714387974,0.06064014725432048,0.006544636465896308,0.010174864505573167,0.00894774516821761,0.032672052357091724,0.027150015338991716,0.033387871970549134,0.008896615195827795,0.08114326618263626,0.0014827691993046324,0.0014316392269148174,0.0014316392269148174,0.0012271193373555578,0.009459044892115758,0.00853870538909909
176,0.01202907452907453,0.005681818181818182,0.0071662571662571665,0.00557944307944308,0.0013308763308763308,0.0012796887796887796,0.000819000819000819,0.021140458640458642,0.003480753480753481,0.004555692055692056,0.024262899262899262,0.01632882882882883,0.026566339066339067,0.03142915642915643,0.007217444717444717,0.007780507780507781,0.007780507780507781,0.0033783783783783786,0.007678132678132678,0.015407452907452908,0.0020475020475020475,0.0034295659295659297,0.003480753480753481,0.0011773136773136773,0.000819000819000819,0.010544635544635545,0.01975839475839476,0.017403767403767405,0.006193693693693694,0.001638001638001638,0.001382063882063882,0.0014844389844389844,0.005067567567567568,0.012899262899262898,0.001893939393939394,0.0015356265356265355,0.0033271908271908274,0.011926699426699426,0.011363636363636364,0.005528255528255528,0.015407452907452908,0.0020475020475020475,0.008241195741195742,0.01725020475020475,0.02718058968058968,0.001382063882063882,0.004555692055692056,0.0012285012285012285,0.0010237510237510238,0.0028665028665028664,0.0025593775593775593,0.0068591318591318595,0.012233824733824734,0.0013308763308763308,0.004862817362817363,0.023392710892710892,0.003736691236691237,0.0014844389844389844,0.0019963144963144963,0.002457002457002457,0.006807944307944308,0.01202907452907453,0.012694512694512694,0.02979115479115479,0.0026617526617526617,0.002764127764127764,0.0022522522522522522,0.00302006552006552,0.0023546273546273546,0.0009725634725634726,0.0012285012285012285,0.0012285012285012285,0.0009213759213759214,0.001074938574938575,0.001074938574938575,0.0040438165438165434,0.004095004095004095,0.0005118755118755119,0.0005630630630630631,0.0009213759213759214,0.007268632268632269,0.002712940212940213,0.010902948402948403,0.019144144144144143,0.0068591318591318595,0.008036445536445537,0.007729320229320229,0.012131449631449631,0.012387387387387387,0.008087633087633087,0.02549140049140049,0.0034295659295659297,0.0067055692055692055,0.0033783783783783786,0.006193693693693694,0.060964373464373466,0.007063882063882064,0.010083947583947584,0.008906633906633907,0.03153153153153153,0.02661752661752662,0.03270884520884521,0.008957821457821457,0.08123464373464373,0.0014844389844389844,0.0014844389844389844,0.0014844389844389844,0.0012796887796887796,0.009776822276822276,0.00906019656019656
177,0.012246361959417914,0.0057901209264193485,0.007378561180569789,0.005328960852633737,0.0011272801803648288,0.0010760401721664275,0.0007686001229760197,0.021520803443328552,0.003484320557491289,0.0036892805902848944,0.023929083828653414,0.014654642344742775,0.026388604222176676,0.031153924984627997,0.007532281205164993,0.007890961262553802,0.00742980118876819,0.0033306005328960853,0.008044681287149006,0.01649928263988522,0.0019471203115392498,0.0037405205984832957,0.0028694404591104736,0.0010248001639680262,0.000819840131174421,0.009889321582291452,0.020598483295757326,0.018651362984218076,0.006712441073990572,0.0016909202705472433,0.001485960237753638,0.001485960237753638,0.005482680877228941,0.013783562205369953,0.0018958803033408485,0.0007686001229760197,0.002766960442713671,0.012400081984013118,0.011836441893830704,0.005482680877228941,0.016704242672678827,0.0026644804263168684,0.008352121336339413,0.01716540274646444,0.028745644599303136,0.0013834802213568355,0.00471408075425292,0.0012810002049600327,0.0010760401721664275,0.003074400491904079,0.0028182004509120723,0.006609961057593769,0.012246361959417914,0.0011272801803648288,0.005380200860832138,0.02264808362369338,0.0037405205984832957,0.0015372002459520394,0.0009735601557696249,0.002305800368928059,0.005328960852633737,0.011887681902029105,0.012553802008608322,0.030231604837056773,0.003074400491904079,0.002766960442713671,0.002305800368928059,0.0033306005328960853,0.0025620004099200654,0.0010248001639680262,0.0006661201065792171,0.0006148800983808157,0.0009735601557696249,0.0005636400901824144,0.0005636400901824144,0.004662840746054519,0.004765320762451322,0.0006148800983808157,0.0005636400901824144,0.0007173601147776184,0.007224841155974585,0.0028694404591104736,0.011016601762656283,0.018907563025210083,0.00625128100020496,0.008813281410125025,0.008557081369133019,0.012143881943021111,0.012348841975814717,0.007686001229760197,0.026644804263168682,0.003484320557491289,0.007122361139577782,0.0036892805902848944,0.00625128100020496,0.06138552982168477,0.007481041196966591,0.009889321582291452,0.008300881328141012,0.02925804468128715,0.026337364213978275,0.03202500512400082,0.008147161303545808,0.08162533306005329,0.0012810002049600327,0.0012297601967616314,0.0012297601967616314,0.0010760401721664275,0.009838081574093051,0.008967001434720229
178,0.01073115629492709,0.00585335797905114,0.007701786814540973,0.005339905524748409,0.0012836311357568289,0.0012836311357568289,0.0008215239268843705,0.021410967344423906,0.0033887861983980284,0.003542821934688848,0.023670158143355925,0.014376668720476484,0.026083384678578764,0.03029369480386116,0.007907167796262066,0.008266584514273978,0.007188334360238242,0.0034401314438283013,0.008061203532552885,0.016892585746559868,0.0018484288354898336,0.00390223865270076,0.002618607516943931,0.00097555966317519,0.0007701786814540973,0.009755596631751899,0.020384062435818442,0.018586978845758884,0.00667488190593551,0.001643047853768741,0.0014890121174779215,0.0014890121174779215,0.005596631751899774,0.014273978229615937,0.001899774080920107,0.0007188334360238242,0.002721298007804477,0.012836311357568289,0.012271513657835284,0.005493941261039228,0.01868966933661943,0.003337440952967755,0.009190798932018894,0.017611419182583694,0.029728897104128158,0.0013863216266173752,0.004929143561306223,0.0012322858903265558,0.0010782501540357362,0.0030807147258163892,0.002875333744095297,0.0066235366605052375,0.012425549394126104,0.0012836311357568289,0.0061614294516327784,0.020743479153830357,0.003953583898131033,0.0015403573629081946,0.0009242144177449168,0.002259190798932019,0.005237215033887862,0.012014787430683918,0.012476894639556377,0.030755802012733622,0.0034914766892585746,0.002618607516943931,0.0023105360443622922,0.0033887861983980284,0.002721298007804477,0.00097555966317519,0.0006161429451632779,0.0006161429451632779,0.0009242144177449168,0.0005134524543027316,0.0005647976997330047,0.005596631751899774,0.005647976997330047,0.0007188334360238242,0.0005647976997330047,0.0006674881905935511,0.008009858287122612,0.002875333744095297,0.010987882522078456,0.017457383446292874,0.006264119942493325,0.009242144177449169,0.008985417950297803,0.012220168412405011,0.012271513657835284,0.007445060587389607,0.026750872869172316,0.003337440952967755,0.0073937153419593345,0.0037482029164099405,0.006264119942493325,0.05971452043540768,0.007291024851098788,0.009344834668309715,0.008009858287122612,0.023824193879646745,0.02618607516943931,0.03157732593961799,0.008266584514273978,0.0822550831792976,0.0013863216266173752,0.0013349763811871022,0.0013863216266173752,0.0011809406448962825,0.010217703840624358,0.009806941877182174
179,0.01048539716638535,0.0059332003478082965,0.007825686665643702,0.005575162395785382,0.0015344483658124904,0.0014833000869520741,0.0009718172983479105,0.020561608101887372,0.0033246381259270626,0.003836120914531226,0.022454094419722775,0.014321518080916577,0.02465347041072068,0.02869418444069357,0.007927983223364533,0.008286021175387449,0.007263055598179121,0.0035803795202291443,0.008388317733108282,0.016981228581658226,0.0018924863178354048,0.0037849726356708096,0.0027620070584624826,0.001022965577208327,0.0007672241829062452,0.010025062656641603,0.019794383918981126,0.018669121784051966,0.007007314203877039,0.0017390414812541559,0.001636744923533323,0.001636744923533323,0.006137793463249962,0.01483300086952074,0.0019947828755562374,0.0008695207406270779,0.0029666001739041483,0.013400849061429083,0.012684773157383254,0.00588205206894788,0.019640939082399878,0.0036315277990895604,0.009769321262339523,0.018669121784051966,0.030740115595110223,0.0014321518080916578,0.005012531328320802,0.0012787069715104087,0.0011252621349291596,0.0031711932893458135,0.0029666001739041483,0.006700424530714542,0.01232673520536034,0.0015344483658124904,0.0063935348575520435,0.020254718428724873,0.004143010587693724,0.001636744923533323,0.0010741138560687433,0.002352820827579152,0.005728607232366631,0.01248018004194159,0.012940514551685336,0.03150733977801647,0.003682676077949977,0.00265971050074165,0.002352820827579152,0.0033757864047874787,0.00265971050074165,0.001022965577208327,0.0007672241829062452,0.0007672241829062452,0.0009718172983479105,0.0006649276251854125,0.0007160759040458289,0.005728607232366631,0.0058309037900874635,0.0008695207406270779,0.0005626310674645798,0.0007672241829062452,0.007927983223364533,0.0031711932893458135,0.010280804050943686,0.017032376860518644,0.006342386578691627,0.009206690194874943,0.00895094880057286,0.01161065930131451,0.011815252416756176,0.007518796992481203,0.026443660170835253,0.0033246381259270626,0.00741650043476037,0.003682676077949977,0.006240090020970795,0.05651884814076007,0.007109610761597872,0.009308986752595776,0.008030279781085366,0.022505242698583193,0.02547184287248734,0.03079126387397064,0.008388317733108282,0.08030279781085367,0.0015855966446729067,0.001636744923533323,0.0016878932023937393,0.0013810035292312413,0.010434248887524936,0.010383100608664519
180,0.009981158018027193,0.00575444314304629,0.007893262718337832,0.00575444314304629,0.001731425370474105,0.0016805010948719255,0.0011203340632479502,0.019300300453226053,0.003208229362937312,0.0049905790090135965,0.02205021133574375,0.015786525436675664,0.02418903091103529,0.02795742730559658,0.007791414167133473,0.008249732647553088,0.007384019962316036,0.0037683963945612875,0.008657126852370524,0.0161939196414931,0.0019860467484850027,0.0035646992921525692,0.0033100779141416715,0.0012221826144523094,0.0007638641340326934,0.010897794978866426,0.018638284870397717,0.017670723633956307,0.006467383001476804,0.0016805010948719255,0.0015786525436675663,0.0015786525436675663,0.005550746040637572,0.014258797168610277,0.0021388195752915415,0.0018841981972806438,0.003819320670163467,0.013596781585781943,0.01278199317614707,0.006416458725874624,0.019860467484850028,0.003819320670163467,0.009930233742425014,0.019351224728828234,0.031471202322146966,0.0014768039924632072,0.005194276111422315,0.0011203340632479502,0.0010694097876457708,0.002749910882517696,0.0025971380557111576,0.006620155828283343,0.012425523246931813,0.0016805010948719255,0.006467383001476804,0.01991139176045221,0.004073942048174364,0.0015786525436675663,0.00234251667770026,0.002546213780108978,0.007893262718337832,0.012934766002953608,0.013545857310179764,0.03157305087335133,0.0038702449457656465,0.0025971380557111576,0.00229159240209808,0.003106380811732953,0.0024952895045067982,0.000916636960839232,0.001374955441258848,0.0014258797168610277,0.000916636960839232,0.001273106890054489,0.001374955441258848,0.005907215969852829,0.0059581402454550085,0.0012221826144523094,0.0006620155828283343,0.001018485512043591,0.007893262718337832,0.002546213780108978,0.010032082293629374,0.016805010948719255,0.006467383001476804,0.0092172938839945,0.008962672505983602,0.011050567805672965,0.011356113459286043,0.007485868513520395,0.025767683454702858,0.0031573050873351326,0.007282171411111677,0.0034119264653460304,0.006416458725874624,0.05367418648469725,0.006518307277078984,0.00911544533279014,0.007893262718337832,0.020624331618882722,0.02556398635229414,0.03111473239293171,0.008300656923155268,0.07949279421500229,0.0016805010948719255,0.001833273921678464,0.0018841981972806438,0.0015277282680653868,0.01038855222284463,0.010643173600855527
181,0.009694372161844992,0.005408439206081943,0.008061635797744783,0.005765600285728863,0.0018368284096127354,0.0017858053982346038,0.0011225062503188938,0.019796928414715035,0.00331649573957855,0.005663554262972601,0.021633756824327773,0.01688861676616154,0.02285830909740293,0.02617480483698148,0.008724934945660493,0.008469819888769835,0.007398336649829073,0.0042859329557630495,0.009541303127710598,0.01663350170927088,0.0021429664778815248,0.0034695647737129445,0.003673656819225471,0.00132659829583142,0.0008673911934282361,0.012041430685239043,0.02020511250574009,0.01862339915301801,0.0074493596612072045,0.0018368284096127354,0.0017858053982346038,0.0018368284096127354,0.006939129547425889,0.01362314403796112,0.0022960355120159193,0.0027042196030409717,0.00464309403540997,0.012908821878667279,0.012347568753507832,0.007806520740854125,0.020817388642277668,0.003928771876116129,0.010102556252870045,0.02127659574468085,0.035563038930557685,0.0016327363641002093,0.005255370171947549,0.00132659829583142,0.001224552273075157,0.002959334659931629,0.0029083116485534976,0.006837083524669626,0.013572121026582989,0.0017858053982346038,0.006122761365375784,0.020460227562630745,0.0035716107964692077,0.0017347823868564722,0.0030103576713097608,0.0027042196030409717,0.009337211082198071,0.012908821878667279,0.013980305117608042,0.03020562273585387,0.0035205877850910763,0.0027042196030409717,0.0023470585233940507,0.003061380682687892,0.0025001275575284453,0.0010714832389407624,0.0019388744323689984,0.0020409204551252616,0.0010714832389407624,0.0019388744323689984,0.0019898974437471298,0.00596969233124139,0.006122761365375784,0.0016837593754783406,0.0006122761365375785,0.0010204602275626308,0.006684014490535232,0.0008163681820501046,0.010000510230113781,0.01693963977753967,0.007041175570182153,0.008826980968416756,0.008571865911526099,0.010357671309760702,0.011071993469054544,0.007347313638450942,0.025154344609418847,0.00331649573957855,0.007398336649829073,0.0033675187509566813,0.0064288994336445734,0.050563804275728354,0.006224807388132048,0.007908566763610389,0.007500382672585336,0.01627634062962396,0.022450125006377875,0.027960610235216083,0.007347313638450942,0.07648349405581917,0.0017347823868564722,0.0018368284096127354,0.0019388744323689984,0.001530690341343946,0.00994948721873565,0.010561763355273228
182,0.008451137062077443,0.005634091374718295,0.007477975824626101,0.005582872362220857,0.001895103462405245,0.0017926654374103668,0.001178037287441098,0.019514443761524277,0.00322679778733866,0.0057877484122106125,0.021921737348903913,0.016851055111657447,0.023253431673837328,0.02694120057365294,0.007734070887113296,0.007785289899610736,0.006863347674656833,0.003995082974800246,0.009373079287031346,0.01618520794919074,0.001997541487400123,0.003380454824830977,0.0038414259373079286,0.0013829133374308542,0.0009219422249539029,0.012292562999385371,0.0194120057365294,0.018080311411595985,0.007734070887113296,0.001895103462405245,0.0018438844499078057,0.001895103462405245,0.007221880762138906,0.013265724236836713,0.0022536365498873182,0.003073140749846343,0.004763368162261831,0.01300962917434952,0.012036467936898177,0.007938946937103052,0.02048760499897562,0.003943863962302807,0.009885269412005737,0.02161442327391928,0.03339479614833026,0.0015365703749231714,0.005173120262241344,0.0012804753124359763,0.001229256299938537,0.002970702724851465,0.002868264699856587,0.006299938537185003,0.012343782011882812,0.0018438844499078057,0.006248719524687564,0.01828518746158574,0.0035853308748207335,0.0018438844499078057,0.0034316738373284163,0.0026633886498668305,0.008963327187051834,0.012958410161852079,0.013982790411800861,0.030782626510960868,0.0034828928498258555,0.0026121696373693913,0.0023048555623847574,0.002970702724851465,0.002458512599877074,0.0010755992624462201,0.0023048555623847574,0.002458512599877074,0.0010755992624462201,0.0023048555623847574,0.002356074574882196,0.0059926244622003685,0.0059926244622003685,0.0015365703749231714,0.0007170661749641467,0.0010755992624462201,0.00645359557467732,0.001895103462405245,0.008707232124564639,0.01567301782421635,0.00645359557467732,0.008912108174554395,0.008860889162056955,0.009321860274533907,0.009834050399508297,0.006760909649661954,0.02545584921122721,0.00322679778733866,0.007273099774636345,0.003278016799836099,0.006248719524687564,0.050962917434951856,0.006043843474697808,0.008348699037082566,0.007119442737144028,0.018643720549067815,0.025046097111247695,0.030885064535955745,0.00809260397459537,0.0806699446834665,0.0017414464249129278,0.001946322474902684,0.001946322474902684,0.0015877893874206106,0.010038926449498053,0.010551116574472445
183,0.008151338049830821,0.005639290474725726,0.007331077617143443,0.005639290474725726,0.0018968522505895622,0.0017943196965036399,0.0011791243719881063,0.01932738644519635,0.003332308007792474,0.006049420691069414,0.021788167743258483,0.016917871424177177,0.02286475956116067,0.02655593150825387,0.007536142725315288,0.007689941556444171,0.006613349738541987,0.003998769609350969,0.009227929867733005,0.01666154003896237,0.002101917358761407,0.003332308007792474,0.003947503332308008,0.0013329232031169896,0.0009740592638162617,0.013021634368912129,0.01922485389111043,0.01845585973546601,0.008305136880959704,0.0019993848046754845,0.0019993848046754845,0.0019993848046754845,0.007689941556444171,0.013688095970470625,0.0023582487439762125,0.003024710345534707,0.00492156259612427,0.013329232031169896,0.012406439044396596,0.008356403158002667,0.020557777094227417,0.0038962370552650468,0.009791858915205578,0.02158310263508664,0.033476878909053626,0.0016405208653747566,0.005229160258382036,0.0013841894801599507,0.0013329232031169896,0.0030759766225776685,0.003024710345534707,0.006151953245155337,0.011842509996924024,0.001845585973546601,0.006100686968112376,0.0170204039782631,0.0034348405618783964,0.0018968522505895622,0.0035373731159643188,0.0027683789603199014,0.008869065928432278,0.013021634368912129,0.013841894801599508,0.030913565056905568,0.0034348405618783964,0.0027171126832769405,0.0024095150210191735,0.002973444068491746,0.002512047575105096,0.0011791243719881063,0.0024095150210191735,0.002512047575105096,0.0011791243719881063,0.0023582487439762125,0.002512047575105096,0.00584435558289757,0.00584435558289757,0.0016405208653747566,0.0007689941556444171,0.001127858094945145,0.006357018353327182,0.0019993848046754845,0.008305136880959704,0.015072285450630576,0.006305752076284221,0.008817799651389317,0.008664000820260432,0.00902286475956116,0.009279196144775967,0.006562083461499026,0.025274274582179842,0.003332308007792474,0.007279811340100482,0.003281041730749513,0.006305752076284221,0.04885676202194197,0.005895621859940531,0.008407669435045628,0.006920947400799754,0.01922485389111043,0.025428073413308726,0.0315287603814211,0.008356403158002667,0.08156464677535118,0.0017430534194606787,0.0019481185276325234,0.0018968522505895622,0.0015892545883317954,0.009996924023377422,0.010458320516764073
184,0.008516825924387204,0.005608641462401329,0.007478188616535106,0.00540091400083091,0.0018695471541337765,0.0018176152887411717,0.0011944329040299128,0.020409223099293727,0.0034275031159119234,0.005816368923971749,0.021655587868716245,0.017137515579559618,0.022382633984212714,0.025602409638554216,0.007997507270461154,0.007633984212712921,0.006439551308683008,0.004673867885334441,0.01049023680930619,0.01755297050270046,0.002129206481096801,0.0034275031159119234,0.0038948899044453675,0.0012463647694225177,0.0009867054424594931,0.01345035313668467,0.020928541753219777,0.01963024511840465,0.008932280847528043,0.0020253427503115914,0.002077274615704196,0.002077274615704196,0.00877648525135023,0.014125467386788533,0.0024407976734524303,0.003167843788948899,0.005037390943082675,0.013969671790610719,0.01313876194432904,0.009399667636061487,0.02129206481096801,0.003687162442874948,0.009970918155380142,0.02373286248442044,0.038585375986705445,0.0016618196925633569,0.005348982135438305,0.0014021603656003323,0.0014021603656003323,0.003271707519734109,0.0033236393851267137,0.0062318238471125885,0.012048192771084338,0.0018176152887411717,0.005608641462401329,0.01599501454092231,0.0029601163273784794,0.0019214790195263814,0.0034275031159119234,0.00275238886580806,0.010022850020772746,0.01386580805982551,0.015060240963855422,0.030795596177814705,0.003531366846697133,0.0028562525965932697,0.0024927295388450354,0.003063980058163689,0.00264852513502285,0.0011944329040299128,0.0023888658080598256,0.0024927295388450354,0.0012463647694225177,0.0024927295388450354,0.002596593269630245,0.005764437058579144,0.005764437058579144,0.0019214790195263814,0.0007270461154964686,0.0009867054424594931,0.0052970502700457,0.0007789779808890736,0.00815330286663897,0.014385126713751558,0.006491483174075613,0.008205234732031575,0.00815330286663897,0.008361030328209389,0.008828417116742834,0.006179891981719984,0.02456377233070212,0.0034275031159119234,0.006958869962609057,0.003375571250519319,0.006439551308683008,0.04840049854590777,0.006127960116327378,0.007530120481927711,0.006387619443290403,0.015371832156211051,0.022278770253427504,0.028354798504362278,0.007685916078105526,0.07893643539675946,0.0017137515579559617,0.0018695471541337765,0.0019214790195263814,0.0015579559617781471,0.009555463232239303,0.01038637307852098
185,0.009472259810554804,0.005777037576766941,0.007390444467575726,0.005412719891745603,0.0019777245758301237,0.00187363380868117,0.0012490892057874466,0.02097428958051421,0.0034870406994899554,0.005829082960341418,0.02149474341625898,0.017331112730300822,0.021807015717705838,0.024825647965025503,0.008119079837618403,0.007598626001873634,0.006349536796086187,0.005152492973873217,0.011033621317789111,0.01774747579889664,0.0020818153429790777,0.0034349953159154784,0.003851358384511294,0.0013011345893619236,0.0009888622879150619,0.013323618195066098,0.02196315186842927,0.02024565421047153,0.009107942125533465,0.0019777245758301237,0.0019777245758301237,0.0020818153429790777,0.009107942125533465,0.014208389715832206,0.0023420422608514623,0.0032268137816175704,0.005048402206724263,0.014104298948683251,0.013219527427917144,0.009628395961278234,0.02149474341625898,0.003695222233787863,0.009836577495576142,0.024149057978557303,0.04059539918809202,0.0016654522743832622,0.005464765275320079,0.0013531799729364006,0.0013531799729364006,0.0032788591651920474,0.0033829499323410014,0.006349536796086187,0.012230665140002081,0.001925679192255647,0.005412719891745603,0.015561569688768605,0.0026543145622983243,0.00187363380868117,0.0034349953159154784,0.0026543145622983243,0.010148849797023005,0.013687935880087437,0.015041115853023836,0.030550640158217967,0.003695222233787863,0.002966586863745186,0.0026543145622983243,0.0031747683980430934,0.002758405329447278,0.0011449984386384929,0.0023940876444259393,0.0025502237951493703,0.0011970438222129696,0.0025502237951493703,0.0026022691787238473,0.005672946809617987,0.005672946809617987,0.0020818153429790777,0.0007286353700426772,0.0009888622879150619,0.005048402206724263,0.00041636306859581555,0.00817112522119288,0.014208389715832206,0.006609763713958572,0.007910898303320495,0.007858852919746018,0.00817112522119288,0.008795669824086604,0.006089309878213802,0.024253148745706256,0.0035390860830644324,0.006765899864682003,0.0034349953159154784,0.006557718330384095,0.048766524409284896,0.00629749141251171,0.00749453523472468,0.006349536796086187,0.01498907046944936,0.020870198813365253,0.027011554075153533,0.0076506713854481104,0.0771833038409493,0.0017174976579577392,0.001925679192255647,0.0019777245758301237,0.0015613615072343084,0.009316123659831373,0.010304985947746434
186,0.009833859531080172,0.005693287096941152,0.007556544692303711,0.005486258475234201,0.0019150147507892967,0.0019150147507892967,0.001190414574814968,0.02116867656953574,0.0035712437244449047,0.005693287096941152,0.02158273381294964,0.017131618446250194,0.021789762434656593,0.024895191760260855,0.008436416334558253,0.0077118161585839244,0.006676673050049169,0.005123958387247037,0.010920759795041665,0.017752704311371048,0.0020702862170695097,0.003415972258164691,0.0038300295015785933,0.001242171730241706,0.0009833859531080172,0.013198074633818125,0.022152062522643755,0.020340562082707934,0.009109259355105844,0.0019150147507892967,0.0019667719062160345,0.0019667719062160345,0.00895398788882563,0.013922674809792453,0.0023290719942031988,0.003260700791884478,0.005072201231820299,0.013974431965219192,0.012939288856684437,0.009575073753946483,0.02137570519124269,0.003623000879871642,0.00988561668650691,0.024015320118006313,0.04042233838828218,0.0017079861290823456,0.005434501319807463,0.0013456860410951813,0.0013456860410951813,0.003260700791884478,0.003415972258164691,0.006573158739195694,0.013042803167537913,0.0019150147507892967,0.005227472698100513,0.016717561202836292,0.0025361006159101496,0.001811500439935821,0.0033124579473112156,0.0025878577713368874,0.01009264530821386,0.013663889032658765,0.015009575073753946,0.030226178769214844,0.003519486569018167,0.003001915014750789,0.0025878577713368874,0.0031054293256042647,0.0026913720821903626,0.001190414574814968,0.002380829149629936,0.002484343460483412,0.001242171730241706,0.0025361006159101496,0.0025878577713368874,0.005641529941514414,0.005693287096941152,0.0020185290616427723,0.0007246001759743285,0.0009316287976812794,0.004554629677552922,0.00015527146628021324,0.00848817348998499,0.01495781791832721,0.006987215982609596,0.007918844780290875,0.007763573314010662,0.008229387712851302,0.00895398788882563,0.0064696444283422186,0.024170591584286527,0.003519486569018167,0.006831944516329382,0.0033642151027379534,0.006417887272915481,0.04891051187826717,0.0062108586512085295,0.0074012732260234975,0.006417887272915481,0.015164846540034159,0.020495833548988148,0.026499663578489725,0.007453030381450235,0.07660059003157187,0.0017597432845090834,0.0019150147507892967,0.0019667719062160345,0.0016044718182288702,0.009471559443093008,0.010196159619067335
187,0.008539578645939865,0.005573736960523624,0.007721415422376764,0.005624872161996319,0.0019942728574350583,0.0018920024544896708,0.0011761096338719574,0.020914297402331763,0.0035283289016158725,0.005624872161996319,0.021885866230312946,0.01692575168746165,0.022550623849457968,0.026283493556964615,0.008488443444467171,0.007977091429740233,0.0071077930047044385,0.004653303334015136,0.009971364287175292,0.016516670075680098,0.0020454080589077522,0.0034260584986704847,0.003988545714870117,0.0012783800368173451,0.0010227040294538761,0.01263039476375537,0.0214256494170587,0.019329106156678256,0.008386173041521783,0.0018408672530169769,0.0018408672530169769,0.0018920024544896708,0.00807936183268562,0.012476989159337287,0.0021988136633258335,0.0032215176927797096,0.0048578441399059116,0.012886070771118838,0.011761096338719575,0.008488443444467171,0.020454080589077522,0.0035283289016158725,0.00981795868275721,0.022806299856821435,0.036101452239721825,0.0015851912456535079,0.005164655348742074,0.0013806504397627327,0.0012783800368173451,0.003119247289834322,0.0031703824913070157,0.0065964409899775004,0.013653098793209245,0.0018920024544896708,0.005420331356105543,0.0189711597463694,0.0026078952751073838,0.001789732051544283,0.0032726528942524035,0.0025567600736346903,0.008948660257721416,0.013090611577009614,0.014420126815299653,0.03001636326447126,0.0032726528942524035,0.0029147064839435467,0.0025056248721619964,0.0030681120883616284,0.0026078952751073838,0.0011249744323992637,0.0023010840662712213,0.0025056248721619964,0.0011761096338719574,0.0024544896706893025,0.0024544896706893025,0.005624872161996319,0.005676007363469012,0.0015851912456535079,0.0007158928206177132,0.0010227040294538761,0.004806708938433217,5.1135201472693805e-05,0.008795254653303334,0.01615872366537124,0.007210063407649826,0.008181632235631009,0.008028226631212927,0.00874411945183064,0.009562282675393741,0.006954387400286357,0.0247494375127838,0.0035283289016158725,0.007056657803231745,0.003374923297197791,0.006340764982614031,0.05246471671098384,0.006494170587032113,0.0076191450194313766,0.006800981795868276,0.01748823890366128,0.022397218245039884,0.02853344242176314,0.007874821026794845,0.07854366946205768,0.0018408672530169769,0.0019942728574350583,0.0020454080589077522,0.0016363264471262017,0.009715688279811823,0.010329310697484148
188,0.008983093615947515,0.005500883169316175,0.007317688619732526,0.005601816805450416,0.001968205904617714,0.0018672722684834721,0.00116073681554378,0.020085793590714107,0.00348221044663134,0.005753217259651779,0.022306333585667425,0.01731011859702246,0.023416603583144083,0.02720161493817815,0.007721423164269493,0.007670956346202372,0.007317688619732526,0.003835478173101186,0.008327024981074944,0.01579611405500883,0.0021196063588190765,0.003431743628564219,0.00408781226343679,0.0012616704516780217,0.0009084027252081756,0.012566237698713097,0.020085793590714107,0.018218521322230632,0.007519555892001009,0.0017663386323492304,0.0016654049962149886,0.0016654049962149886,0.006661619984859955,0.012515770880645975,0.0021196063588190765,0.0028766086298258895,0.004441079989906636,0.012112036336109008,0.011153166792833713,0.007368155437799647,0.018824123139036083,0.0031794095382286147,0.009538228614685845,0.019530658591975777,0.031037093111279335,0.001514004542013626,0.005046681806712087,0.0013121372697451426,0.00116073681554378,0.003028009084027252,0.0029270754478930103,0.006459752712591471,0.0128185717890487,0.0018672722684834721,0.005652283623517537,0.02038859449911683,0.00348221044663134,0.0016654049962149886,0.0033308099924299773,0.0025738077214231643,0.00812515770880646,0.012112036336109008,0.013020439061317184,0.02906888720666162,0.0032803431743628564,0.0027756749936916477,0.002371940449154681,0.003028009084027252,0.0024224072672218017,0.0010598031794095382,0.0021196063588190765,0.002220539994953318,0.0010598031794095382,0.0020691395407519556,0.0021196063588190765,0.005299015897047691,0.005349482715114812,0.0013121372697451426,0.0006560686348725713,0.0010093363613424174,0.006056018168054504,0.0010598031794095382,0.009487761796618723,0.01731011859702246,0.006863487257128438,0.00868029270754479,0.008528892253343428,0.00989149634115569,0.010396164521826899,0.007368155437799647,0.025839010850365884,0.003431743628564219,0.007267221801665405,0.003381276810497098,0.006459752712591471,0.05288922533434267,0.00640928589452435,0.00868029270754479,0.00757002271006813,0.022205399949533182,0.026040878122634368,0.03159222811001766,0.00862982588947767,0.08316931617461519,0.0018168054504163512,0.0020186727226848347,0.0020691395407519556,0.0016654049962149886,0.00989149634115569,0.010345697703759779
189,0.008848662587854578,0.0055114526975779945,0.007078930070283663,0.005410325125145371,0.002022551448652475,0.0019719876624361633,0.0011629670829751732,0.02154017292814886,0.0034889012489255195,0.0043990494008191335,0.023613288163017648,0.01668604945138292,0.025888658542751682,0.0302371441573545,0.007129493856499975,0.007432876573797846,0.007382312787581534,0.0036405926075744554,0.0067755473529857915,0.015472518582191435,0.0019719876624361633,0.0035900288213581433,0.0033877736764928957,0.0011124032967588613,0.0007584567932446782,0.011022905395155989,0.020832279921120495,0.018101835465439652,0.006573292208120544,0.0015674773727056683,0.0013652222278404207,0.0014157860140567326,0.005359761338929059,0.012185872478131162,0.0018202963037872277,0.0014157860140567326,0.003185518531627648,0.011427415684886484,0.010668958891641806,0.00566314405622693,0.017545633817060223,0.0025787530970319055,0.009859938312180816,0.016483794306517672,0.02770895484653891,0.0013146584416241088,0.004702432118117004,0.0011629670829751732,0.0010112757243262375,0.002882135814329777,0.0026293168832482177,0.006421600849471608,0.012034181119482228,0.0019214238762198512,0.005814835414875866,0.020124386914092126,0.003792283966223391,0.0014157860140567326,0.0017697325175709158,0.0023764979521666584,0.005865399201092178,0.011022905395155989,0.011680234615968043,0.027405572129241038,0.003337209890276584,0.0025787530970319055,0.002174242807301411,0.0030338271729787127,0.0023764979521666584,0.0009101481518936138,0.0010618395105425494,0.0010618395105425494,0.000859584365677302,0.0009607119381099256,0.0010112757243262375,0.005005814835414876,0.005056378621631188,0.000859584365677302,0.0005562016483794306,0.0008090205794609901,0.007129493856499975,0.002022551448652475,0.010416139960560247,0.017646761389492845,0.006977802497851039,0.009202609091368762,0.009000353946503514,0.011225160540021237,0.011629670829751733,0.0077362592910957175,0.02745613591545735,0.003438337462709208,0.0077362592910957175,0.0034889012489255195,0.006421600849471608,0.0583000455074076,0.007230621428932598,0.009556555594882945,0.008241897153258836,0.024978510390858067,0.028366284067350964,0.03372604540628002,0.009910502098397129,0.08828437073368053,0.002022551448652475,0.002174242807301411,0.0022248065935177226,0.0017697325175709158,0.010567831319209183,0.010820650250290742
190,0.008312726890093124,0.0054716683327195245,0.0062082390698163835,0.005313831746198769,0.0021571000157836586,0.0020518756247698217,0.0011574683011522072,0.024043773346661756,0.0034724049034566213,0.00315673173041511,0.02456989530173094,0.016362392802651653,0.026990056295049192,0.030988583153575,0.0062082390698163835,0.006471300047350976,0.006576524438364813,0.0036302414899773766,0.006471300047350976,0.016415004998158574,0.0018414268427421477,0.0037880780764981323,0.0027358341663597623,0.0008417951281106961,0.000736570737096859,0.011311622033987478,0.02351765139159257,0.019887409901615194,0.007470931761982428,0.0015257536697006367,0.001473141474193718,0.001473141474193718,0.006418687851844057,0.01199558057557742,0.0017362024517283106,0.0003682853685484295,0.0023149366023044143,0.010522439101383702,0.009891092755300679,0.005787341505761035,0.017467248908296942,0.00210448782027674,0.010311990319356026,0.016046719629610143,0.02777923922765297,0.0012100804966591256,0.0047350975956226655,0.0011574683011522072,0.0009996317146314516,0.003314568316935866,0.0031041195349081918,0.005734729310254117,0.010838112274425212,0.00210448782027674,0.006366075656337139,0.018414268427421478,0.004261587836060399,0.001473141474193718,0.000526121955069185,0.002209712211290577,0.004156363445046562,0.009733256168779923,0.010469826905876783,0.025306466038827802,0.0034724049034566213,0.002525385384332088,0.0020518756247698217,0.00315673173041511,0.0024727731888251696,0.0009470195191245331,0.0003682853685484295,0.000315673173041511,0.0008944073236176145,0.0002630609775345925,0.000315673173041511,0.005103382964171095,0.005050770768664176,0.000736570737096859,0.00042089756405534805,0.000526121955069185,0.007523543957489346,0.003419792707949703,0.008996685431683063,0.01583627084758247,0.006471300047350976,0.00952280738675225,0.00952280738675225,0.010048929341821434,0.01020676592834219,0.006786973220392487,0.02983111485242279,0.003577629294470458,0.008260114694586205,0.0038406902720050508,0.006418687851844057,0.05876782238122797,0.008207502499079287,0.009680643973273005,0.007944441521544695,0.025622139211869312,0.02888409533329826,0.03498711001210081,0.010259378123849108,0.09428105434839795,0.0021571000157836586,0.0022623244067974954,0.0023149366023044143,0.001788814647235229,0.010838112274425212,0.011627295207028989
191,0.008425600864164192,0.005833108290575209,0.005779098028625439,0.005022954361328652,0.002106400216041048,0.0020523899540912773,0.0011882257628949501,0.024628679449095327,0.0033486362408857683,0.0032406157169862274,0.025222792330542802,0.016311099108830676,0.027491223332433163,0.0314339724547664,0.005455036456926816,0.00594112881447475,0.005671077504725898,0.003888738860383473,0.006859303267620848,0.01641911963273022,0.001782338644342425,0.0037267080745341614,0.0027005130974885228,0.0009181744531460978,0.0008101539292465569,0.011450175533351337,0.024088576829597624,0.02030785849311369,0.007561436672967864,0.0015662975965433433,0.0015122873345935729,0.0015122873345935729,0.006589251957871996,0.01199027815284904,0.001782338644342425,0.0005401026194977045,0.002484472049689441,0.010477990818255468,0.009721847150958682,0.00599513907642452,0.01793140696732379,0.0022144207399405888,0.010369970294355928,0.016959222252227922,0.02938158250067513,0.0012422360248447205,0.004860923575479341,0.0011342155009451795,0.0010261949770456386,0.0032406157169862274,0.003078584931136916,0.004968944099378882,0.009289765055360518,0.002106400216041048,0.006535241695922225,0.014798811774237105,0.0047529030515798005,0.0014582770726438022,0.0006481231433972455,0.0022144207399405888,0.004158790170132325,0.00955981636510937,0.010423980556305699,0.026248987307588442,0.0037267080745341614,0.002484472049689441,0.001998379692141507,0.0031866054550364568,0.0023764515257899002,0.0009721847150958682,0.00043208209559816364,0.00043208209559816364,0.0009181744531460978,0.0003780718336483932,0.00043208209559816364,0.005293005671077505,0.005238995409127734,0.0008101539292465569,0.00043208209559816364,0.0005941128814474751,0.007885498244666486,0.004482851741830948,0.007453416149068323,0.013340534701593302,0.005833108290575209,0.009613826627059141,0.00955981636510937,0.008641641911963273,0.008695652173913044,0.005671077504725898,0.029867674858223062,0.0035106670267350797,0.008155549554415338,0.0037267080745341614,0.0063732109100729135,0.06103159600324062,0.00831758034026465,0.009019713745611667,0.007183364839319471,0.025060761544693493,0.029165541452876045,0.03559276262489873,0.01053200108020524,0.0978125843910343,0.002160410477990818,0.002268431001890359,0.0023224412638401296,0.001782338644342425,0.010964083175803403,0.01182824736699973
192,0.00829583039635634,0.006018543620885973,0.005855880279780947,0.0050425635742558155,0.002168844548067017,0.0020604023206636664,0.001247085615138535,0.02445372227945562,0.003415930163205552,0.0036870357317139294,0.02483327007536735,0.016808545247519385,0.026676787941224314,0.03025538144553489,0.005422111370167544,0.005964322507184297,0.005422111370167544,0.004066583527625657,0.007265629236024508,0.016700103020116035,0.00189773897955864,0.003632814618012254,0.0029821612535921487,0.0010302011603318332,0.0008133167055251315,0.012253971696578648,0.024074174483543893,0.020495580979233312,0.008133167055251314,0.0017350756384536137,0.001626633411050263,0.001626633411050263,0.007157187008621157,0.01247085615138535,0.0019519600932603155,0.0009217589329284824,0.002873719026188798,0.011006886081440112,0.010193569375914981,0.0066691969853060785,0.018706284227078023,0.0024399501165753945,0.010410453830721682,0.01827251531746462,0.03047226590034159,0.001355527842541886,0.00498834246055414,0.001247085615138535,0.0011386433877351842,0.0033074879358022014,0.0031990457083988506,0.00498834246055414,0.00889226264707477,0.002168844548067017,0.006452312530499376,0.01328417285691048,0.004771458005747438,0.001626633411050263,0.0009759800466301577,0.002385729002873719,0.004771458005747438,0.010030906034809954,0.010952664967738437,0.027218999078241067,0.0036870357317139294,0.0025483923439787452,0.002168844548067017,0.0031448245946971752,0.00249417123027707,0.0010302011603318332,0.0007048744781217806,0.0007048744781217806,0.0010302011603318332,0.0006506533644201052,0.0007048744781217806,0.005367890256465868,0.005313669142764192,0.0009759800466301577,0.0005422111370167543,0.0006506533644201052,0.007916282600444613,0.004554573550940737,0.006994523667516131,0.012362413923981998,0.005638995824974245,0.009326031556688175,0.009271810442986498,0.008133167055251314,0.008133167055251314,0.005367890256465868,0.029116738057799706,0.0035785935043105787,0.00797050371414629,0.0036870357317139294,0.006452312530499376,0.05877568725261617,0.00807894594154964,0.00878382041967142,0.00688608144011278,0.02385729002873719,0.028303421352274576,0.0346472916553706,0.01046467494442336,0.09564604456975546,0.002168844548067017,0.0022772867754703684,0.0023315078891720437,0.0018435178658569647,0.010844222740335087,0.011603318332158543
193,0.006589062156819679,0.0053261585767625744,0.0056007028332967276,0.004612343509773776,0.002086536349659565,0.0020316274983527343,0.001317812431363936,0.0232813529540962,0.003404348781023501,0.005271249725455744,0.02487370964199429,0.01833955633648144,0.02663079288381287,0.030254777070063694,0.005106523171535251,0.005655611684603558,0.004612343509773776,0.004063254996705469,0.007906874588183616,0.017351197012958487,0.002086536349659565,0.0035141664836371624,0.003898528442784977,0.0012629035800571051,0.0009334504722161212,0.013068306611025697,0.022622446738414233,0.019986821875686362,0.00741269492642214,0.0017570832418185812,0.0016472655392049198,0.0017021743905117504,0.006479244454206018,0.013617395124094003,0.002141445200966396,0.002086536349659565,0.003898528442784977,0.012958488908412035,0.012025038436195915,0.007247968372501647,0.01905337140347024,0.002910169119262025,0.010322864045684164,0.019547551065231716,0.0322314957171096,0.0014276301339775973,0.005106523171535251,0.001153085877443444,0.0010981770261366132,0.002910169119262025,0.002745442565341533,0.004886887766307929,0.007632330331649462,0.002086536349659565,0.006039973643751373,0.010487590599604656,0.0036239841862508236,0.0016472655392049198,0.0025258071601142102,0.002745442565341533,0.007083241818581156,0.012244673841423238,0.013013397759718867,0.030309685921370524,0.004008346145398638,0.002635624862727872,0.002306171754886888,0.0030199868218756865,0.00247089830880738,0.0009334504722161212,0.0014825389852844279,0.0015923566878980893,0.0009334504722161212,0.0014825389852844279,0.0015374478365912585,0.005216340874148913,0.005216340874148913,0.0012629035800571051,0.0007138150669887986,0.0010432681748297826,0.007083241818581156,0.003569075334943993,0.006314517900285526,0.011091587963979794,0.005490885130683066,0.009005051614320228,0.008950142763013398,0.007247968372501647,0.007302877223808478,0.004777070063694267,0.027948605315176806,0.0035141664836371624,0.007632330331649462,0.0035141664836371624,0.006753788710740172,0.05781902042609269,0.007357786075115309,0.007906874588183616,0.005985064792444542,0.01976718647045904,0.028003514166483636,0.03475730287722381,0.010213046343070502,0.09400395343729409,0.0020316274983527343,0.002306171754886888,0.0023610806061937183,0.0018669009444322424,0.010542499450911487,0.011530858774434438
194,0.00722041558727884,0.004960590861489279,0.005125943890205589,0.004299178746624042,0.002094471697073251,0.0020393540208344814,0.0013228242297304747,0.02122030535192636,0.0035826489555200354,0.007055062558562531,0.023480130077715922,0.018795127597420493,0.024913189659923937,0.028220250234250125,0.004960590861489279,0.005125943890205589,0.004188943394146502,0.004519649451579121,0.009204651931874553,0.01736206801521248,0.0023149424020283303,0.003472413603042496,0.004519649451579121,0.001488177258446784,0.0010472358485366256,0.013724301383453673,0.020669128589538666,0.01907071597861434,0.007881827702144078,0.0020393540208344814,0.0019842363445957117,0.0020393540208344814,0.00738576861599515,0.01455106652703522,0.0024802954307446396,0.003472413603042496,0.005181061566444359,0.014110125117125063,0.013118006944827206,0.008598357493248084,0.020448657884583585,0.0033621782505649563,0.01014165242793364,0.022212423524224218,0.03681860772749821,0.0016535302871630933,0.0054566499476382075,0.0013228242297304747,0.001267706553491705,0.0030865898693711075,0.0030865898693711075,0.005125943890205589,0.007551121644711459,0.0020393540208344814,0.0054566499476382075,0.00970071101802348,0.0028661191644160284,0.0019291186683569421,0.0044094140991015815,0.003196825221848647,0.00970071101802348,0.013724301383453673,0.01449594885079645,0.03389737088684341,0.003968472689191423,0.002976354516893568,0.0026456484594609493,0.0031417075456098773,0.0026456484594609493,0.0010472358485366256,0.00253541310698341,0.002700766135699719,0.0011023535247753954,0.0025905307832221796,0.002755883811938489,0.0052361792426831285,0.0052361792426831285,0.0017637656396406328,0.0009370004960590862,0.001267706553491705,0.005677120652593287,0.0020393540208344814,0.005842473681309596,0.010858182219037645,0.0054566499476382075,0.008322769112054236,0.008212533759576696,0.006448768119936063,0.006503885796174834,0.004464531775340352,0.026291131565893182,0.0035826489555200354,0.006944827206084992,0.003472413603042496,0.007110180234801301,0.054842087857575925,0.006503885796174834,0.00727553326351761,0.005566885300115747,0.016039243785482004,0.025519484098550406,0.032354075952157856,0.009149534255635782,0.0875268698671664,0.0019291186683569421,0.0022598247257895605,0.0022598247257895605,0.0018740009921181724,0.010196770104172408,0.011133770600231494
195,0.009806607133074016,0.005423765956281159,0.005314194926861338,0.004547197720922588,0.0021366350736865174,0.0020818495589766065,0.0014244233824576781,0.02038021147208678,0.0035610584561441955,0.007122116912288391,0.021695063825124636,0.01796964882485071,0.02279077411932285,0.025420478825398565,0.005314194926861338,0.005314194926861338,0.004273270147373035,0.005752479044540623,0.011066673971401961,0.017640935736591246,0.002410562647236071,0.003341916397304553,0.004218484632663124,0.0015339944118774997,0.0012052813236180355,0.013477236618638032,0.020654139045636333,0.019339286692598476,0.008217827206486604,0.0021366350736865174,0.002191420588396428,0.002191420588396428,0.007998685147646963,0.014901660001095711,0.002739275735495535,0.003780200514983838,0.005807264559250534,0.014682517942256067,0.013751164192187585,0.009751821618364104,0.022023776913384103,0.0037254150002739277,0.01019010573604339,0.025365693310688654,0.043499698679669095,0.0019174930148468745,0.005807264559250534,0.0014244233824576781,0.0014244233824576781,0.0030679888237549993,0.0031775598531748207,0.005368980441571249,0.008163041691776694,0.0020818495589766065,0.005204623897441516,0.009532679559524462,0.002903632279625267,0.002027064044266696,0.004382841176792856,0.003287130882594642,0.011066673971401961,0.014682517942256067,0.015942584780584013,0.035665370076151864,0.004163699117953213,0.0031775598531748207,0.0028488467649153562,0.0031775598531748207,0.0026844902207856245,0.0011504958089081246,0.0026844902207856245,0.002794061250205446,0.0012052813236180355,0.002739275735495535,0.0029584177943351776,0.00547855147099107,0.005533336985700981,0.002191420588396428,0.0010409247794883033,0.0013148523530378568,0.005368980441571249,0.0017531364707171423,0.0056976935298307125,0.010464033309592944,0.0056976935298307125,0.007615186544677587,0.0074508300005478555,0.006081192132800088,0.0062455486769298196,0.0044924122062126775,0.024489125075330083,0.0035610584561441955,0.006519476250479373,0.003287130882594642,0.007012545882868569,0.052101024489125076,0.006190763162219909,0.007012545882868569,0.005533336985700981,0.015011231030515531,0.02131156522215526,0.0281597545608941,0.00854654029474607,0.0804251355941489,0.0019174930148468745,0.002191420588396428,0.002300991617816249,0.0019174930148468745,0.01019010573604339,0.011011888456692051
196,0.01375672883475613,0.005600565493991626,0.0054918166494480995,0.00483932358218694,0.0020662280463270076,0.0019574792017834812,0.0014137349790658475,0.018704801261486596,0.003588711869936382,0.00679680278397042,0.019629166440106573,0.015768582458811374,0.020444782774183025,0.022728508509597085,0.005600565493991626,0.005546191071719863,0.004349953781741069,0.007014300473057474,0.013158610189766733,0.018324180305584255,0.002392474579957588,0.003316839758577565,0.003588711869936382,0.0014681094013376107,0.0012506117122505574,0.012397368277962046,0.019629166440106573,0.019466043173291283,0.00826491218530803,0.0022293513131422978,0.002283725735414061,0.0023381001576858245,0.008591158718938612,0.01652982437061606,0.0029362188026752214,0.0036974607144799085,0.00598118644989397,0.01620357783698548,0.015116089391550215,0.01082051003208091,0.023870371377304116,0.004241204937197542,0.010059268120276223,0.028002827469958132,0.05236256864770812,0.0020662280463270076,0.006253058561252787,0.0014681094013376107,0.001522483823609374,0.0030993420694905116,0.0033712141808493285,0.005383067804904573,0.008917405252569191,0.0019574792017834812,0.004784949159915176,0.009841770431189169,0.002881844380403458,0.0020662280463270076,0.003969332825838725,0.0032080909140340384,0.01228861943341852,0.01598608014789843,0.017671687238323092,0.039258332880213145,0.004567451470828122,0.0034799630253928553,0.003153716491762275,0.0033712141808493285,0.002990593224946985,0.001196237289978794,0.0024468490022293513,0.0026099722690446415,0.0013049861345223207,0.002664346691316405,0.002881844380403458,0.00565493991626339,0.00581806318307868,0.0025012234245011147,0.0010874884454352672,0.0012506117122505574,0.005546191071719863,0.0016856070904246643,0.005600565493991626,0.010168016964819749,0.005600565493991626,0.006959926050785711,0.00679680278397042,0.0060355608721657334,0.00614430971670926,0.004513077048556359,0.022674134087325323,0.0035343374476646187,0.005600565493991626,0.0032080909140340384,0.006688053939426893,0.04871948235549997,0.005709314338535153,0.006959926050785711,0.00532869338263281,0.014844217280191398,0.017182317437877223,0.024142243488662934,0.007884291229405687,0.07307922353324996,0.001794355934968191,0.002120602468598771,0.0021749768908705344,0.0018487303572399542,0.009896144853460931,0.010766135609809145
197,0.01607821835958718,0.006083650190114068,0.005975013579576317,0.005214557305812059,0.002064095600217273,0.0020097772949483977,0.0015752308527973928,0.01634980988593156,0.0036393264530146657,0.0061379684953829445,0.016892992938620316,0.013307984790874524,0.0178164041281912,0.01993481803367735,0.00619228680065182,0.0061379684953829445,0.004399782726778925,0.008256382400869093,0.015209125475285171,0.019120043454644214,0.0022270505160239,0.003367734926670288,0.0028788701792504074,0.0013036393264530147,0.0011406844106463879,0.01151548071700163,0.017273221075502443,0.01884845192829984,0.008202064095600217,0.0022270505160239,0.0023356871265616513,0.0024443237370994023,0.009125475285171103,0.01830526887561108,0.003041825095057034,0.0034220532319391636,0.005866376969038566,0.01841390548614883,0.017381857686040194,0.011787072243346007,0.026507332971211297,0.004888647474198805,0.010374796306355242,0.031233025529603477,0.06089082020640956,0.0021727322107550242,0.006789788158609452,0.001412275936990766,0.0015752308527973928,0.003204780010863661,0.0037479630635524172,0.0059206952743074415,0.009505703422053232,0.001955458989679522,0.0045627376425855515,0.00928843020097773,0.0024986420423682783,0.002064095600217273,0.0034220532319391636,0.00309614340032591,0.013579576317218903,0.01819663226507333,0.01993481803367735,0.04416078218359587,0.005486148832156436,0.0038565996740901683,0.00358500814774579,0.0036936447582835417,0.003313416621401412,0.0011406844106463879,0.0021727322107550242,0.002390005431830527,0.0013579576317218902,0.002552960347637154,0.0027159152634437804,0.0060293318848451925,0.0061379684953829445,0.0029875067897881585,0.0011406844106463879,0.0011406844106463879,0.005431830526887561,0.0013579576317218902,0.005594785442694188,0.009668658337859858,0.005757740358500815,0.006355241716458447,0.00619228680065182,0.005975013579576317,0.0060293318848451925,0.0045627376425855515,0.020640956002172733,0.003476371537208039,0.0046713742531233025,0.003204780010863661,0.006572514937533949,0.043400325909831616,0.005431830526887561,0.006952743074416078,0.005105920695274308,0.013525258011950028,0.013851167843563281,0.020803910917979358,0.007658881042911461,0.06507332971211298,0.001683867463335144,0.002064095600217273,0.0021727322107550242,0.0018468223791417708,0.009994568169473113,0.01075502444323737
198,0.019038837057930136,0.0063462790193100456,0.0061293122152310696,0.0053156866999349095,0.0019527012367107832,0.0018984595356910392,0.0015730093295725754,0.015024951182469081,0.003471468865263615,0.0054241701019743975,0.015458884790627033,0.011607724018225211,0.016055543501844217,0.018062486439574744,0.0064547624213495336,0.0062920373182903016,0.004285094380559774,0.009383814276415709,0.018387936645693208,0.02017791277934476,0.0018984595356910392,0.003417227164243871,0.002278151442829247,0.0011390757214146236,0.0010848340203948796,0.010739856801909307,0.015621609893686265,0.01855066174875244,0.00791928834888262,0.0018984595356910392,0.002169668040789759,0.002223909741809503,0.009383814276415709,0.02028639618138425,0.0029290518550661748,0.0033087437622043828,0.0055868952050336295,0.020666088088522456,0.019255803862009112,0.012692558038620091,0.028639618138424822,0.0057496203080928615,0.010034714688652637,0.03498589715773487,0.07181601215014102,0.002006942937730527,0.007322629637665438,0.0011933174224343676,0.0014645259275330874,0.0031460186591451508,0.00395964417444131,0.0060750705142113256,0.010251681492731613,0.0018442178346712954,0.004068127576480798,0.009221089173356477,0.002061184638750271,0.0017357344326318074,0.0032002603601648948,0.002603601648947711,0.014970709481449337,0.02044912128444348,0.02278151442829247,0.04973963983510523,0.0064547624213495336,0.004176610978520286,0.0039054024734215664,0.004122369277500542,0.0037426773703623344,0.0010305923193751356,0.002006942937730527,0.002115426339770015,0.0012475591234541116,0.002386634844868735,0.002549359947927967,0.0064005207203297896,0.0066174875244087656,0.0032002603601648948,0.0011390757214146236,0.0010848340203948796,0.005152961596875678,0.0006509004122369278,0.0053156866999349095,0.009112605771316989,0.0055326535040138855,0.0055326535040138855,0.0053156866999349095,0.0057496203080928615,0.0056953786070731175,0.004339336081579518,0.017248860924278585,0.0032545020611846388,0.003417227164243871,0.0030917769581254068,0.0063462790193100456,0.03791494901280104,0.004990236493816446,0.0064005207203297896,0.00477326968973747,0.011933174224343675,0.011661965719244955,0.018442178346712954,0.00694293773052723,0.05733347797786938,0.0014645259275330874,0.0018984595356910392,0.002006942937730527,0.0017357344326318074,0.009492297678455197,0.0103601648947711
199,0.02287903667214012,0.006896551724137931,0.0062397372742200325,0.005582922824302135,0.002079912424740011,0.0019704433497536944,0.001751505199781062,0.012479474548440065,0.0031746031746031746,0.00481663929939792,0.012917350848385332,0.0090311986863711,0.013026819923371647,0.014778325123152709,0.0064039408866995075,0.006458675424192666,0.004269293924466338,0.01056376573617953,0.022441160372194856,0.021237000547345376,0.00180623973727422,0.0030651340996168583,0.0014230979748221127,0.0009852216748768472,0.0009852216748768472,0.009469074986316366,0.012917350848385332,0.017952928297755882,0.00782703886152162,0.0019157088122605363,0.0021893814997263274,0.0022988505747126436,0.009742747673782156,0.023371647509578545,0.0030103995621237,0.0030103995621237,0.005473453749315818,0.02402846195949644,0.022495894909688015,0.013628899835796387,0.031472359058565956,0.006513409961685823,0.010016420361247948,0.0404488232074439,0.0828680897646415,0.002134646962233169,0.007553366174055829,0.00120415982484948,0.0015325670498084292,0.0030651340996168583,0.004105090311986864,0.0062397372742200325,0.01083743842364532,0.0018609742747673782,0.0037766830870279147,0.008976464148877941,0.002134646962233169,0.0016967706622879036,0.0027914614121510675,0.002353585112205802,0.016694033935413247,0.023973727422003283,0.026765188834154352,0.057690202517788725,0.00722495894909688,0.004324028461959496,0.004159824849480022,0.004159824849480022,0.003886152162014231,0.0010399562123700056,0.00180623973727422,0.0018609742747673782,0.0013136288998357964,0.0022441160372194853,0.00240831964969896,0.006951286261631089,0.007170224411603722,0.0034482758620689655,0.0012588943623426383,0.0010399562123700056,0.004707170224411604,0.0003284072249589491,0.0049261083743842365,0.008374384236453201,0.005090311986863711,0.004597701149425287,0.004488232074438971,0.005309250136836344,0.005199781061850027,0.004159824849480022,0.013574165298303228,0.0029009304871373837,0.0018609742747673782,0.0027914614121510675,0.005637657361795292,0.03043240284619595,0.00361247947454844,0.005856595511767926,0.004542966611932129,0.00963327859879584,0.0090311986863711,0.015489874110563765,0.006294471811713191,0.04729064039408867,0.0013683634373289546,0.0019157088122605363,0.0019704433497536944,0.001751505199781062,0.009304871373836891,0.00996168582375479
200,0.02580893682588598,0.007318952234206471,0.0064384767774598286,0.0056130310367598505,0.0020911292097732775,0.001981069777679947,0.0018159806295399517,0.012436715826546336,0.003026634382566586,0.0033568126788465773,0.011556240369799691,0.006988773937926481,0.011831388950033018,0.01282192383887299,0.006713625357693155,0.006658595641646489,0.004292317851639886,0.011721329517939687,0.02773497688751926,0.024158045344486023,0.0014858023332599605,0.002971604666519921,0.0008804754567466431,0.0006603565925599824,0.000825445740699978,0.008254457406999779,0.013097072419106317,0.019315430332379487,0.007759189962579793,0.0014858023332599605,0.0018159806295399517,0.0018159806295399517,0.010070438036539732,0.027349768875192602,0.0026414263702399295,0.001650891481399956,0.004072198987453225,0.028340303764032578,0.026634382566585957,0.014307726172132952,0.03417345366497909,0.007429011666299802,0.010070438036539732,0.04683028835571208,0.09322033898305085,0.001926040061633282,0.007484041382346467,0.0009905348888399736,0.0013207131851199648,0.0028065155183799252,0.003962139555359894,0.006493506493506494,0.012051507814219679,0.0018159806295399517,0.003852080123266564,0.009024873431653093,0.0015958617653532908,0.00137574290116663,0.00137574290116663,0.0018159806295399517,0.015848558221439577,0.027790006603565925,0.031201848998459167,0.06146819282412503,0.008309487123046445,0.004512436715826546,0.004457406999779881,0.004292317851639886,0.004182258419546555,0.000825445740699978,0.0009355051727933084,0.0009355051727933084,0.0011556240369799693,0.0011556240369799693,0.0012656834690732996,0.007263922518159807,0.007594100814439797,0.002971604666519921,0.001100594320933304,0.0007704160246533128,0.004292317851639886,0.000825445740699978,0.004457406999779881,0.007263922518159807,0.004787585296059872,0.0036319612590799033,0.0035219018269865726,0.004897644728153203,0.004787585296059872,0.003907109839313229,0.009960378604446402,0.002696456086286595,0.0006603565925599824,0.002586396654193264,0.005282852740479859,0.026414263702399295,0.0034118423948932422,0.005227823024433194,0.004182258419546555,0.006218357913273168,0.005943209333039842,0.011776359233986353,0.004622496147919877,0.036264582874752364,0.0012106537530266344,0.0018159806295399517,0.001926040061633282,0.0017059211974466211,0.008859784283513097,0.00941008144397975
201,0.02880267931900642,0.007535584705554005,0.0066424783700809375,0.00574937203460787,0.001897850962880268,0.0018420318169132012,0.0017303935249790678,0.01099637175551214,0.0029025955902874686,0.0027909572983533353,0.009879988836170807,0.0056935528886408035,0.010103265420039073,0.010884733463578006,0.006977393245883338,0.007089031537817471,0.004298074239464136,0.012168573820820542,0.030756349427853755,0.025286073123081218,0.001339659503209601,0.0029025955902874686,0.0006140106056377338,0.0005581914596706671,0.0006698297516048005,0.007312308121685738,0.012447669550655875,0.019201786212670945,0.007423946413619872,0.0013954786491766676,0.0016745743790120011,0.0017862126709461345,0.00999162712810494,0.029416689924644152,0.0025118615685180016,0.000948925481440134,0.0035166061959252025,0.031202902595590287,0.028858498464973487,0.013675690761931342,0.03566843427295562,0.0077588612894222714,0.009935807982137874,0.0512977951437343,0.09824169690203739,0.001897850962880268,0.007256488975718672,0.000948925481440134,0.0012838403572425342,0.002679319006419202,0.0038515210717276027,0.006307563494278538,0.012838403572425341,0.0016187552330449344,0.003963159363661736,0.00932179737650014,0.0014512977951437343,0.0012280212112754675,0.0008931063354730673,0.0016187552330449344,0.015517722578844543,0.03142617917945856,0.036003349148758024,0.06636896455484231,0.008261233603125872,0.00440971253139827,0.004521350823332403,0.004186435947530003,0.004186435947530003,0.0007814680435389339,0.0005581914596706671,0.0005581914596706671,0.0011163829193413341,0.0007256488975718672,0.0007814680435389339,0.007479765559586939,0.0077588612894222714,0.0025676807144850685,0.000948925481440134,0.0007814680435389339,0.004186435947530003,0.0014512977951437343,0.004130616801562936,0.0065866592241138715,0.00440971253139827,0.003014233882221602,0.002958414736254535,0.004744627407200669,0.0046329891152665365,0.003795701925760536,0.007535584705554005,0.0025676807144850685,0.0001116382919341334,0.0025118615685180016,0.004856265699134803,0.023164945576332682,0.002958414736254535,0.004744627407200669,0.003907340217694669,0.005861010326542004,0.00440971253139827,0.00965671225230254,0.004130616801562936,0.03014233882221602,0.0010605637733742674,0.0016187552330449344,0.0017303935249790678,0.0015629360870778677,0.008372871895060006,0.008707786770862406
202,0.030944625407166124,0.0076378748736381,0.006963944737728855,0.005728406155228575,0.0016848253397731103,0.0015725036504549029,0.0015163428057957992,0.009659665281365831,0.0028642030776142875,0.0026395596989778726,0.008480287543524655,0.004717510951364709,0.008761091766820174,0.00887341345613838,0.007581714028978996,0.007469392339660788,0.004492867572728294,0.01190609906772998,0.03335954172750758,0.025160058407278446,0.001347860271818488,0.0030326856115915984,0.000336965067954622,0.0005616084465910367,0.0007300909805683477,0.0062900146018196115,0.01179377737841177,0.018308435358867798,0.007076266427047063,0.0014040211164775918,0.0016848253397731103,0.0017971470290913175,0.009659665281365831,0.029372121756711222,0.0026395596989778726,0.0011232168931820735,0.003931259126137257,0.032517129057621025,0.02965292598000674,0.013984050320116815,0.036841514096372006,0.008143322475570033,0.009659665281365831,0.05492530607660339,0.10114568123104571,0.002077951252386836,0.007413231495001685,0.0009547343592047624,0.0012916994271593846,0.0026395596989778726,0.003594294058182635,0.005896888689205885,0.014040211164775919,0.0014040211164775918,0.004380545883410087,0.009884308660002247,0.0015163428057957992,0.0012916994271593846,0.0008424126698865551,0.0016286644951140066,0.016735931708412893,0.03341570257216669,0.03897562619341795,0.06947096484331125,0.00825564416488824,0.0043243850387509825,0.004380545883410087,0.0040997416601145685,0.0040997416601145685,0.0008424126698865551,0.0005616084465910367,0.0006177692912501404,0.0011232168931820735,0.0007862518252274514,0.0007862518252274514,0.007806357407615411,0.008087161630910928,0.0028080422329551835,0.0008985735145456587,0.0008424126698865551,0.003762776592159946,0.0016848253397731103,0.003931259126137257,0.005840727844546782,0.0042120633494327755,0.0025272380096596652,0.0024710771650005617,0.004492867572728294,0.004549028417387397,0.0037066157475008424,0.005784566999887678,0.0023587554756823543,0.000505447601931933,0.002414916320341458,0.004661350106705605,0.02184656857239133,0.0023587554756823543,0.0042120633494327755,0.003650454902841739,0.005391441087273952,0.0034819723688644276,0.008536448388183758,0.003650454902841739,0.025609345164551274,0.0009547343592047624,0.001347860271818488,0.0014601819611366955,0.001347860271818488,0.007694035718297203,0.007806357407615411
203,0.03402750925261006,0.007899243219355909,0.006904932884052367,0.005910622548748826,0.001767662818317406,0.0016019444291001492,0.0015467049660277301,0.008562116776224935,0.0027619731536209467,0.0030381704689830414,0.008009722145500746,0.004750593824228029,0.00834115892393526,0.007954482682428326,0.007457327514776556,0.0075125669778489754,0.004695354361155609,0.011655526708280396,0.03491134066176877,0.0227586587858366,0.0012705076506656355,0.0029276915428382037,0.00011047892614483787,0.0007733524830138651,0.0007733524830138651,0.005579185770314313,0.010716455836049273,0.01563276804949456,0.006573496105617854,0.0014362260398828924,0.001657183892172568,0.001767662818317406,0.008617356239297354,0.027177815831630116,0.0028172126166933656,0.002541015301331271,0.0053582279180246365,0.031762691266640886,0.028890239186875104,0.014472739324973762,0.03673424294315859,0.008009722145500746,0.0093354692592388,0.05656521018615699,0.10042534386565763,0.0022095785228967574,0.007733524830138651,0.0009390708722311219,0.0012705076506656355,0.002541015301331271,0.003480086173562393,0.005579185770314313,0.014472739324973762,0.0013809865768104734,0.004308678119648677,0.010440258520687178,0.0022648179859691762,0.0013257471137380545,0.0015467049660277301,0.001657183892172568,0.02077003811522952,0.034524664420261836,0.039551455559851956,0.07031983649118931,0.008230679997790421,0.004198199193503839,0.004198199193503839,0.0038667624150693254,0.0038667624150693254,0.000828591946086284,0.0011047892614483787,0.0011600287245207978,0.0010495497983759598,0.0014914655029553113,0.0015467049660277301,0.007899243219355909,0.008064961608573165,0.003701044025852069,0.0009943103353035408,0.0009943103353035408,0.003922001878141745,0.002043860133679501,0.0036458045627796496,0.00519250952880738,0.0038667624150693254,0.002043860133679501,0.002043860133679501,0.004198199193503839,0.004253438656576258,0.0037562834889244877,0.004419157045793515,0.0022648179859691762,0.0006076340937966083,0.0023752969121140144,0.004584875435010772,0.02237198254432967,0.001767662818317406,0.00414295973043142,0.003701044025852069,0.006021101474893664,0.003480086173562393,0.008120201071645584,0.003424846710489974,0.024692039993371266,0.0009390708722311219,0.0013809865768104734,0.0013257471137380545,0.0013257471137380545,0.0073468485886317185,0.007236369662486881
204,0.035710540115364446,0.008914525432616675,0.00844257996853697,0.006554798112218143,0.0017829050865233351,0.0016780283167278447,0.0015207131620346094,0.00865233350812795,0.0026219192448872575,0.0033560566334556894,0.008337703198741478,0.004876769795490299,0.008809648662821185,0.007970634504457263,0.008495018353434714,0.008757210277923439,0.00550603041426324,0.011536444677503933,0.034294703723125326,0.02008390141583639,0.0013633980073413739,0.002674357629785003,0.00026219192448872575,0.0008914525432616676,0.0008914525432616676,0.00550603041426324,0.010854745673833245,0.014210802307288935,0.006030414263240692,0.0014682747771368643,0.0015207131620346094,0.0016780283167278447,0.007393812270582066,0.024174095437860515,0.002831672784478238,0.003146303093864709,0.006187729417933927,0.0297325642370215,0.02679601468274777,0.013266911379129522,0.03487152595700052,0.007603565810173046,0.009334032511798637,0.055689564761405345,0.09491347666491871,0.002464604090194022,0.007760880964866282,0.000996329313057158,0.0012585212375458836,0.0023597273203985318,0.0029889879391714735,0.0057682223387519665,0.01557420031463031,0.0014682747771368643,0.004509701101206083,0.011798636601992658,0.0029889879391714735,0.0013633980073413739,0.0020450970110120607,0.0017304667016255898,0.021447299423177767,0.03329837441006817,0.03880440482433141,0.07079181961195595,0.008075511274252753,0.004142632406921867,0.004090194022024121,0.0036706869428421605,0.003618248557944415,0.0008390141583639224,0.0013633980073413739,0.0015207131620346094,0.000996329313057158,0.0017304667016255898,0.0017829050865233351,0.007708442579968537,0.007760880964866282,0.0040377556371263765,0.001048767697954903,0.0012060828526481385,0.004824331410592554,0.002569480859989512,0.004247509176717357,0.00550603041426324,0.004090194022024121,0.0019402202412165705,0.001992658626114316,0.004614577871001573,0.004981646565285789,0.004247509176717357,0.004929208180388044,0.0023072889355007864,0.0003146303093864709,0.0023597273203985318,0.004299947561615103,0.025013109596224437,0.0011012060828526481,0.004247509176717357,0.004142632406921867,0.0068169900367068695,0.004195070791819612,0.008809648662821185,0.0034609334032511796,0.025904562139486102,0.0009438909281594127,0.0013633980073413739,0.0013633980073413739,0.0012585212375458836,0.006921866806502359,0.00702674357629785
205,0.03716516753978452,0.00929129188494613,0.010675101314618959,0.00795690422061876,0.0019768706138183255,0.0018780270831274092,0.0016803400217455767,0.00795690422061876,0.0027181970940001977,0.0036077888702184444,0.007561530097855095,0.004744489473163981,0.007907482455273302,0.007610951863200554,0.011614114856182663,0.011811801917564495,0.007759217159236928,0.011515271325491747,0.031728773351784124,0.018977957892655925,0.0014826529603637441,0.0026687753286547397,0.00019768706138183255,0.0009884353069091628,0.0009390135415637046,0.005386972422654937,0.0106256795492735,0.01383809429672828,0.0060788771374913515,0.0014826529603637441,0.0015814964910546604,0.0016803400217455767,0.007314421271127805,0.022091529109419788,0.0027676188593456557,0.0033606800434911534,0.006227142433527726,0.027231392705347433,0.02476030443807453,0.012899080755164575,0.03316200454680241,0.007610951863200554,0.009637244242364337,0.05139863595927646,0.08643866758920629,0.002471088267272907,0.007363843036473263,0.001087278837600079,0.0012849658989819116,0.0024216665019274487,0.0027676188593456557,0.007660373628546012,0.019422753780765047,0.0016803400217455767,0.005386972422654937,0.017594148462983097,0.003212414747454779,0.0014332311950182861,0.0023228229712365326,0.001779183552436493,0.02046061085301967,0.030641494514184048,0.03543540575269349,0.06597805673618662,0.007660373628546012,0.004151428289018484,0.004052584758327567,0.0033606800434911534,0.0033606800434911534,0.0009390135415637046,0.0015320747257092024,0.001729761787091035,0.001037857072254621,0.0018780270831274092,0.0020262923791637836,0.007363843036473263,0.007660373628546012,0.003904319462291193,0.001087278837600079,0.0013838094296728279,0.0054858159533458534,0.0007413264801818721,0.006573094790945933,0.009241870119600672,0.005683503014727686,0.002520510032618365,0.002471088267272907,0.005980033606800435,0.007215577740436889,0.006276564198873184,0.006424829494909558,0.002619353563309281,9.884353069091628e-05,0.002569931797963823,0.004151428289018484,0.023673025600474448,0.0014332311950182861,0.004447958881091232,0.004843333003854897,0.006424829494909558,0.003904319462291193,0.007808638924582386,0.003558367104872986,0.024612039142038154,0.001087278837600079,0.0015814964910546604,0.0016309182564001187,0.0013838094296728279,0.006622516556291391,0.007413264801818721
206,0.03812545765194045,0.008786917256529168,0.00995850622406639,0.008396387600683427,0.002294361728093727,0.0022455455211130093,0.001952648279228704,0.007859409323895533,0.0027337075909201853,0.003758847937515255,0.007468879668049793,0.004686355870148889,0.007761776909934098,0.007664144495972663,0.011422992433487917,0.011325360019526482,0.008249938979741274,0.011813522089333658,0.02987551867219917,0.018843055894556992,0.0015133024164022456,0.002538442762997315,0.000244081034903588,0.0010251403465950696,0.000976324139614352,0.005369782767878936,0.010300219672931413,0.013668537954600928,0.006004393458628265,0.001464486209421528,0.0015133024164022456,0.0016597510373443983,0.00732243104710764,0.02216255796924579,0.002782523797900903,0.0035635831095923846,0.006492555528435441,0.026702465218452525,0.024164022455455212,0.013180375884793752,0.033243836953868684,0.007615328288991945,0.010104954845008543,0.04959726629240908,0.08601415670002441,0.002538442762997315,0.007371247254088357,0.0011227727605565047,0.0012692213814986576,0.0023431779350744446,0.0025872589699780326,0.008005857944837685,0.020453990724920674,0.0018550158652672686,0.005418598974859653,0.02074688796680498,0.0032218696607273613,0.0014156700024408103,0.00244081034903588,0.0018061996582865512,0.02050280693190139,0.029533805223334146,0.03392726385159873,0.06414449597266292,0.007615328288991945,0.004051745179399561,0.004100561386380278,0.0030754210397852086,0.0032218696607273613,0.0009275079326336343,0.0015621186233829632,0.0017573834513058336,0.0010739565535757872,0.0019038320722479863,0.0020014644862094214,0.007468879668049793,0.007712960702953381,0.004100561386380278,0.0011715889675372223,0.001464486209421528,0.005418598974859653,0.0005369782767878936,0.006394923114474005,0.01059311691481572,0.005906761044666829,0.0027337075909201853,0.002684891383939468,0.005760312423724677,0.006834268977300464,0.006687820356358311,0.006980717598242617,0.0027337075909201853,4.88162069807176e-05,0.002538442762997315,0.004051745179399561,0.022845984866975835,0.0014156700024408103,0.004979253112033195,0.00488162069807176,0.006687820356358311,0.003417134488650232,0.007224798633146205,0.0035635831095923846,0.02504271418110813,0.0011715889675372223,0.0018550158652672686,0.001952648279228704,0.0016109348303636807,0.007127166219184769,0.007957041737856968
207,0.040154932339674446,0.009315552069033143,0.01039419494018435,0.008825259854873504,0.0024024318493822317,0.002353402627966268,0.0020592272994704843,0.007550500098058443,0.002892724063541871,0.0038733084918611493,0.007158266326730732,0.0045597175916846444,0.007550500098058443,0.007795646205138262,0.011570896254167485,0.01152186703275152,0.008334967640713866,0.01240439301823887,0.030349088056481663,0.018631104138066287,0.0015689350853108452,0.0025004902922141597,0.0002941753284957835,0.0010296136497352421,0.0009805844283192783,0.005687389684251814,0.00990390272602471,0.01353206511080604,0.006177681898411453,0.0014708766424789174,0.0015199058638948814,0.001716022749558737,0.007697587762306335,0.022357324965679545,0.002745636399293979,0.003432045499117474,0.006226711119827417,0.026475779564620515,0.02402431849382232,0.01328691900372622,0.033339870562855464,0.00764855854089037,0.010001961168856639,0.04912727985879584,0.08771327711315945,0.0025495195136301238,0.007109237105314767,0.00112767209256717,0.0013728181996469895,0.002304373406550304,0.0026966071778780154,0.008334967640713866,0.020347126887625026,0.0019611688566385566,0.005148068248676211,0.02044518533045695,0.0031868993920376545,0.0014218474210629536,0.0025004902922141597,0.0018140811923906648,0.020347126887625026,0.029123357521082565,0.033535987448519315,0.06319866640517749,0.007550500098058443,0.004167483820356933,0.00426554226318886,0.003039811727789763,0.0031868993920376545,0.0009805844283192783,0.0016179643067268093,0.0018140811923906648,0.00112767209256717,0.0019611688566385566,0.0021082565208864483,0.007158266326730732,0.007501470876642479,0.003971366934693077,0.001176701313983134,0.0015199058638948814,0.005785448127083742,0.0003432045499117474,0.006373798784075309,0.010443224161600314,0.005932535791331634,0.0024514610707981957,0.002353402627966268,0.0058835065699156695,0.006717003333987056,0.006717003333987056,0.006079623455579526,0.002892724063541871,0.0003922337713277113,0.0025004902922141597,0.004020396156109041,0.021131594430280447,0.0014218474210629536,0.005197097470092175,0.005050009805844283,0.006520886448323201,0.0032359286134536185,0.007109237105314767,0.0036281623847813295,0.024073347715238284,0.00112767209256717,0.0019611688566385566,0.0020101980780545207,0.001716022749558737,0.007158266326730732,0.007942733869386154
208,0.04142778802532529,0.009422204496734633,0.01086793957824418,0.008724263422902438,0.0022433820230320554,0.002193529089186899,0.0019442644199611147,0.007079116606012264,0.0028914701630190936,0.0036891171045416024,0.0064310284660252254,0.004586469913754425,0.006879704870631637,0.007029263672167107,0.011964704122837629,0.012164115858218257,0.008175881150605713,0.012762351064360137,0.031756318859364877,0.019293085398075678,0.0014457350815095468,0.0024926466922578394,0.00019941173538062714,0.0009970586769031356,0.000947205743057979,0.005683234458347874,0.009422204496734633,0.013709556807418116,0.006331322598334912,0.0014955880153547036,0.0015454409491998603,0.0016949997507353309,0.007826910613689616,0.022782790767236653,0.0026920584276384665,0.0033401465676255048,0.006082057929109128,0.026920584276384666,0.024577496385662295,0.01365970387357296,0.03409940675008724,0.007876763547534773,0.009821027967495887,0.050201904382072886,0.0921780746796949,0.0024427937584126824,0.007228675407547734,0.0010967645445934494,0.0013460292138192333,0.002392940824567526,0.0028914701630190936,0.008425145819831496,0.020439702876514282,0.0018445585522708012,0.004885587516825365,0.01924323246423052,0.003041028964554564,0.00139588214766439,0.0024926466922578394,0.0017448526845804876,0.021137643950346476,0.03026073084401017,0.034697641956229125,0.06366219652026522,0.007826910613689616,0.004387058178373798,0.004337205244528641,0.0032902936337803478,0.0032902936337803478,0.000947205743057979,0.0015952938830450171,0.0017448526845804876,0.0011466174784386062,0.0019442644199611147,0.002143676155341742,0.007178822473702578,0.007477940076773518,0.003988234707612543,0.0011466174784386062,0.00139588214766439,0.005633381524502717,0.00019941173538062714,0.0064808813998703824,0.009870880901341044,0.005982352061418814,0.0020938232214965853,0.0019941173538062713,0.005782940326038187,0.0067799990029413235,0.0064808813998703824,0.004736028715289895,0.002841617229173937,0.0007976469415225086,0.0024926466922578394,0.003988234707612543,0.018844408993469265,0.0014955880153547036,0.004387058178373798,0.004736028715289895,0.00558352859065756,0.0026422054937933095,0.0064310284660252254,0.0034897053691609753,0.02173587915648836,0.0010469116107482926,0.0017448526845804876,0.0018445585522708012,0.0015952938830450171,0.0066802931352510095,0.007527793010618675
209,0.04714867617107943,0.009674134419551934,0.01074338085539715,0.009012219959266803,0.002138492871690428,0.0020875763747454177,0.001985743380855397,0.005906313645621181,0.0029531568228105907,0.003105906313645621,0.005346232179226069,0.003615071283095723,0.005702647657841141,0.005906313645621181,0.011914460285132383,0.012118126272912423,0.007993890020366599,0.013187372708757637,0.03319755600814664,0.01965376782077393,0.0013238289205702647,0.0026476578411405295,0.0003054989816700611,0.000814663951120163,0.000814663951120163,0.005040733197556008,0.00835030549898167,0.013391038696537677,0.0059572301425661915,0.0013238289205702647,0.0014765784114052953,0.001629327902240326,0.007790224032586558,0.02433808553971487,0.0027494908350305497,0.003054989816700611,0.0059572301425661915,0.028564154786150712,0.025610997963340123,0.01415478615071283,0.035336048879837066,0.008044806517311608,0.009572301425661914,0.051578411405295316,0.09704684317718941,0.0025458248472505093,0.007841140529531568,0.0010183299389002036,0.0012729124236252546,0.0023930753564154784,0.0029531568228105907,0.00809572301425662,0.020723014256619144,0.001680244399185336,0.004786150712830957,0.018075356415478614,0.003004073319755601,0.0012729124236252546,0.001985743380855397,0.0015274949083503055,0.020519348268839104,0.03080448065173116,0.03543788187372709,0.06812627291242362,0.008910386965376781,0.004429735234215886,0.004531568228105906,0.003309572301425662,0.0034114052953156822,0.0008655804480651731,0.0012729124236252546,0.0014256619144602852,0.001120162932790224,0.001680244399185336,0.0017820773930753565,0.007230142566191446,0.007586558044806517,0.0042260692464358455,0.001069246435845214,0.0013238289205702647,0.00554989816700611,0.0003564154786150713,0.00560081466395112,0.00860488798370672,0.005397148676171079,0.0015784114052953156,0.0015274949083503055,0.005397148676171079,0.006160896130346232,0.006109979633401222,0.003105906313645621,0.0029022403258655806,0.0013238289205702647,0.0026476578411405295,0.003869653767820774,0.01654786150712831,0.0012219959266802445,0.0046334012219959265,0.004429735234215886,0.006211812627291242,0.0014765784114052953,0.005448065173116089,0.0035132382892057025,0.01883910386965377,0.0009164969450101833,0.001629327902240326,0.001629327902240326,0.0015274949083503055,0.0064154786150712835,0.006924643584521385
210,0.05191734347691991,0.010075048833144855,0.011000308419862239,0.009098385936054281,0.002056132414927521,0.0019533257941811454,0.0019533257941811454,0.0056543641410506836,0.003084198622391282,0.0026729721394057777,0.004831911175079675,0.0032898118638840343,0.005037524416572427,0.004986121106199239,0.012388197799938315,0.012593811041431069,0.007813303176724582,0.014290120283746273,0.035211267605633804,0.019276241389945513,0.0012850827593297008,0.0027243754497789656,0.0003084198622391282,0.0006682430348514444,0.0007710496555978205,0.004523491312840547,0.008327336280456461,0.013159247455536137,0.005551557520304308,0.0012850827593297008,0.001439292690449265,0.001593502621568829,0.0072992700729927005,0.024467975737637503,0.00287858538089853,0.0024673588979130254,0.00575717076179706,0.029094273671224427,0.02585586511771358,0.013930297111133957,0.03582810733011206,0.00807031972859052,0.009355402487920222,0.05268839313251773,0.10511976971316953,0.0026729721394057777,0.00786470648709777,0.0009766628970905727,0.0012336794489565127,0.0021589390356738973,0.0025701655186594016,0.0077618998663513935,0.02097255063226072,0.001593502621568829,0.004729104554333299,0.017322915595764366,0.003032795312018094,0.0012336794489565127,0.001439292690449265,0.001439292690449265,0.02040711421815565,0.031407422638017886,0.0369589801583222,0.06908604914156471,0.009046982625681094,0.004420684692094171,0.004523491312840547,0.00313560193276447,0.003341215174257222,0.0008738562763441966,0.0009252595867173846,0.0010794695178369487,0.0010794695178369487,0.0012850827593297008,0.0013364860697028889,0.007247866762619513,0.007659093245605017,0.004215071450601419,0.0009766628970905727,0.0012336794489565127,0.0053459442788115555,0.00035982317261231626,0.004934717795826051,0.006836640279634008,0.005088927726945616,0.0008224529659710086,0.0008224529659710086,0.004883314485452863,0.005602960830677495,0.00575717076179706,0.0008738562763441966,0.0028271820705253418,0.0016449059319420172,0.0025187622082862137,0.0036496350364963502,0.015832219594941913,0.0010794695178369487,0.004163668140228231,0.004163668140228231,0.008532949521949213,0.0007710496555978205,0.004574894623213735,0.0035982317261231624,0.01696309242315205,0.0008224529659710086,0.001542099311195641,0.001490696000822453,0.001439292690449265,0.005911380692916624,0.00627120386552894
211,0.0549302349706935,0.010322112142745993,0.011307640437782042,0.008714144924529281,0.001504227397686602,0.0014523574874215467,0.001504227397686602,0.0056019503086259664,0.003008454795373204,0.0026453654235178174,0.004875771564915193,0.0035790238082888115,0.004979511385445303,0.004875771564915193,0.0128637377457337,0.012708128014938534,0.007313657347372789,0.013641786399709529,0.03589397790341823,0.019918045541781212,0.0012448778463613258,0.0029047149748430935,0.00020747964106022096,0.0006743088334457181,0.0007261787437107734,0.004512682193059806,0.008714144924529281,0.013797396130504694,0.005653820218891021,0.0013486176668914363,0.0014523574874215467,0.0016079672182167126,0.007313657347372789,0.02520877638881685,0.0029047149748430935,0.0022304061413973755,0.005498210488095855,0.029669588671611596,0.026557394055708283,0.014108615592095025,0.03537527880076768,0.007987966180818507,0.008921624565589502,0.05186991026505524,0.10669640541521863,0.0025416256029877067,0.007884226360288397,0.0009336583847709943,0.0011930079360962706,0.0021266663208672648,0.0026453654235178174,0.0069505679755174025,0.021059183567612428,0.0011411380258312153,0.0046682919238549715,0.017065200477203175,0.0028528450645780383,0.0011930079360962706,0.0012967477566263811,0.0014523574874215467,0.020436744644431765,0.03148503553088853,0.036775766377924166,0.0677939727164272,0.009232844027179834,0.004408942372529695,0.004460812282794751,0.0033715441672285905,0.0034752839877587012,0.0008299185642408839,0.0008299185642408839,0.0009336583847709943,0.0009855282950360497,0.0011411380258312153,0.0012448778463613258,0.007469267078167955,0.008039836091083562,0.004149592821204419,0.0009336583847709943,0.0010892681155661602,0.004720161834120027,0.00020747964106022096,0.004720161834120027,0.006379998962601795,0.0051869910265055245,0.0008299185642408839,0.0008299185642408839,0.004823901654650137,0.005705690129156077,0.005446340577830801,0.0008817884745059391,0.0025934955132527623,0.0011930079360962706,0.0024897556927226516,0.0037865034493490325,0.016390891643757455,0.0013486176668914363,0.0037865034493490325,0.004045853000674309,0.00969967321956533,0.0011411380258312153,0.0049276414751802475,0.0037346335390839773,0.01690959074640801,0.0006743088334457181,0.0010892681155661602,0.0010892681155661602,0.0011411380258312153,0.0056019503086259664,0.005705690129156077
212,0.05662732047215433,0.010711871457542509,0.011855857729707243,0.008995892049295408,0.001195985648172222,0.0010919868961572462,0.001195985648172222,0.005875929488846134,0.002963964432426811,0.0030159638084342986,0.005251936976756279,0.004419946960636472,0.005407935104778743,0.005355935728771254,0.013519837761946856,0.013311840257916905,0.007539909521085747,0.012739847121834538,0.03447558629296448,0.019551765378815453,0.00124798502417971,0.0027559669283968593,0.0,0.0008319900161198066,0.0007799906401123187,0.00499194009671884,0.008787894545265457,0.013831834017991785,0.0059799282408611095,0.0013519837761946857,0.0015599812802246373,0.0017159794082471011,0.008059903281160626,0.024543705475534295,0.002807966304404347,0.0030159638084342986,0.005667931984816182,0.028339659924080912,0.02563569237169154,0.014299828402059175,0.032759606884717386,0.00722791326504082,0.008163902033175602,0.050595392855285734,0.10103478758254901,0.002391971296344444,0.007643908273100723,0.0009879881441422704,0.0012999844001871977,0.002287972544329468,0.002963964432426811,0.00696791638500338,0.021579741043107482,0.0009879881441422704,0.004315948208621497,0.018771774738703135,0.00249597004835942,0.00124798502417971,0.0018719775362695647,0.0015079819042171493,0.021423742915085017,0.030731631220425354,0.035619572565129216,0.06447922624928501,0.008683895793250481,0.004315948208621497,0.004315948208621497,0.0033279600644792262,0.003379959440486714,0.0008839893921272945,0.0012999844001871977,0.0014039831522021735,0.0010919868961572462,0.0016639800322396131,0.001819978160262077,0.006759918880973428,0.007175913889033331,0.004367947584628985,0.0009359887681347824,0.0010919868961572462,0.0047319432166814,5.199937600748791e-05,0.0055119338567937185,0.008371899537205553,0.005927928864853622,0.0014559825282096615,0.0014039831522021735,0.0053039363527637665,0.006395923248921013,0.005667931984816182,0.0031719619364567624,0.0027559669283968593,0.0008839893921272945,0.0025479694243669077,0.0038479538245541054,0.01689979720243357,0.001767978784254589,0.0039519525765690814,0.004055951328584057,0.008163902033175602,0.0014559825282096615,0.005355935728771254,0.0034319588164942023,0.018771774738703135,0.000571993136082367,0.0009359887681347824,0.0009359887681347824,0.0009879881441422704,0.005823930112838646,0.005667931984816182
213,0.055479953941170314,0.010624934575526013,0.011776405317701246,0.009211765937401863,0.001360829058934366,0.0012561499005547996,0.001308489479744583,0.0068041452946718305,0.0031403747513869987,0.0032450539097665654,0.006123730765204648,0.004815241285460065,0.006437768240343348,0.006647126557102481,0.013241913535015179,0.013241913535015179,0.007746257720087931,0.012875536480686695,0.03318329320632262,0.01957500261697896,0.0014131686381241495,0.002616978959489166,0.00015701873756934995,0.000837433267036533,0.000837433267036533,0.005181618339788548,0.00915942635821208,0.014027007222861928,0.006123730765204648,0.001360829058934366,0.0014655082173139328,0.001674866534073066,0.008112634774416413,0.024651941798387943,0.0027739976970585158,0.0030356955930074324,0.005652674552496598,0.02842039150005234,0.02606511043651209,0.014550403014759761,0.031508426672249554,0.006751805715482047,0.007955616036847064,0.04888516696325761,0.09551973202135455,0.0024599602219198156,0.007379880665759448,0.000994452004605883,0.001308489479744583,0.0022506019051606826,0.002878676855438082,0.007641578561708364,0.021563906626190725,0.0011514707421752329,0.0038731288600439653,0.018999267245891342,0.002145922746781116,0.0012561499005547996,0.0018842248508321993,0.0015178477965037162,0.021406887888621374,0.030409295509264106,0.03438710352768764,0.061970061760703445,0.00868837014550403,0.004396524651941798,0.004396524651941798,0.0031927143305767822,0.003349733068146132,0.0008897728462263164,0.0012561499005547996,0.001360829058934366,0.0010991311629854495,0.0016225269548832827,0.0017272061132628494,0.006071391186014865,0.006490107819533131,0.004501203810321365,0.000994452004605883,0.0010991311629854495,0.004867580864649848,0.0004187166335182665,0.006280749502773997,0.009578142991730347,0.006333089081963781,0.0016225269548832827,0.0015178477965037162,0.0055479953941170316,0.0068041452946718305,0.006123730765204648,0.0041871663351826655,0.0030356955930074324,0.0009421124254160996,0.002512299801109599,0.003977808018423532,0.018580550612373077,0.001988904009211766,0.004501203810321365,0.0041348267559928814,0.007065843190620747,0.0017795456924526328,0.005338637077357898,0.0030356955930074324,0.020621794200774625,0.0006280749502773998,0.0010467915837956664,0.0010467915837956664,0.0010991311629854495,0.006019051606825081,0.0059143724484455144
214,0.05272555403844134,0.010870706858523264,0.011448377271295032,0.009137695620207961,0.0014179182858943388,0.0013128873017540174,0.0014179182858943388,0.006616952000840248,0.0031509295242096416,0.003676084444911249,0.006144312572208802,0.004726394286314463,0.006354374540489444,0.006354374540489444,0.013076357525470013,0.01281378006511921,0.0077722928263837835,0.012603718096838567,0.03271715155971011,0.019850856002520744,0.0014179182858943388,0.0026782900955781954,5.2515492070160695e-05,0.0009452788572628925,0.0008402478731225711,0.0052515492070160695,0.008875118159857158,0.013916605398592585,0.0065119210166999265,0.0014704337779644996,0.0015754647621048208,0.001733011238315303,0.00829744774708539,0.024524734796765046,0.0028358365717886776,0.003676084444911249,0.006144312572208802,0.02793824178132549,0.02562756013023842,0.01512446171620628,0.03255960508349963,0.006879529461191051,0.00829744774708539,0.04962714000630186,0.09305745194832475,0.002415712635227392,0.0077722928263837835,0.001050309841403214,0.0013128873017540174,0.0025207436193677136,0.0031509295242096416,0.0077197773343136225,0.021426320764625563,0.001207856317613696,0.003991177397332213,0.01943073206595946,0.002205650666946749,0.0013128873017540174,0.0023631971431572313,0.0016279802541749816,0.02252914609809894,0.03003886146413192,0.034292616321814934,0.06301859048419284,0.008875118159857158,0.004411301333893498,0.00451633231803382,0.003308476000420124,0.003466022476630606,0.0008927633651927318,0.0016279802541749816,0.001733011238315303,0.0011553408255435354,0.0020481041907362673,0.002205650666946749,0.006249343556349123,0.006616952000840248,0.004831425270454784,0.001050309841403214,0.0012603718096838568,0.004883940762524945,0.00021006196828064278,0.005776704127717676,0.0090851801281378,0.006249343556349123,0.0015229492700346602,0.0014704337779644996,0.005304064699086231,0.006354374540489444,0.00603928158806848,0.003676084444911249,0.00299338304799916,0.001050309841403214,0.0026257746035080348,0.004148723873542695,0.01811784476420544,0.0015754647621048208,0.0045688478101039804,0.004253754857683017,0.0058292196197878374,0.0018380422224556245,0.005514126667366873,0.0029408675559289992,0.019693309526310262,0.0006827013969120891,0.0011028253334733746,0.0011028253334733746,0.0011553408255435354,0.0064594055246297655,0.006091797080138641
215,0.05185262936916133,0.01049648367796788,0.010968825443476436,0.00871208145271334,0.0012595780413561456,0.0012070956229663062,0.0012595780413561456,0.006402855043560407,0.0029390154298310064,0.00351632203211924,0.006087960533221371,0.004618452818305868,0.00619292537000105,0.006035478114831532,0.012805710087120814,0.012228403484832581,0.007295056156187677,0.012228403484832581,0.03379867744305658,0.02004828382491865,0.0013645428781358245,0.0027815681746614883,0.00010496483677967881,0.0009446835310171093,0.000787236275847591,0.005143277002204262,0.009131940799832056,0.014222735383646478,0.0064553374619502465,0.0014695077149155032,0.0016269549700850215,0.0017844022252545397,0.008449669360764144,0.02482418389839404,0.002886533011441167,0.0034638396137294004,0.00614044295161121,0.027815681746614883,0.025453972919072112,0.01490500682271439,0.0331688884223785,0.007242573737797838,0.008397186942374305,0.050488086491025506,0.09593786081662643,0.0024141912459326124,0.007872362758475911,0.0009971659494069486,0.001312060459745985,0.0025191560827122913,0.003148945103390364,0.0069801616458486405,0.02109793219271544,0.001049648367796788,0.004251075889576992,0.019261047549071063,0.0025191560827122913,0.0013645428781358245,0.0021517791539834154,0.0016269549700850215,0.022514957489241105,0.03001994331898814,0.03484832581085336,0.06255904272068857,0.00881704628949302,0.00435604072635667,0.00435604072635667,0.0034638396137294004,0.00351632203211924,0.0009446835310171093,0.0015219901333053427,0.0016269549700850215,0.0011021307861866275,0.0018893670620342186,0.002046814317203737,0.006875196809068962,0.007137608901018159,0.004775900073475386,0.001049648367796788,0.001154613204576467,0.004723417655085546,0.0005773066022882335,0.005510653930933138,0.008449669360764144,0.005773066022882334,0.0017319198068647002,0.001679437388474861,0.00524824183898394,0.00619292537000105,0.005773066022882334,0.004041146216017634,0.0027815681746614883,0.0006822714390679123,0.00262412091949197,0.004198593471187152,0.018053951926104754,0.0015219901333053427,0.004303558307966831,0.004198593471187152,0.006612784717119765,0.002204261572373255,0.005878030859662013,0.003096462685000525,0.019890836569749135,0.0006297890206780728,0.0009971659494069486,0.0009971659494069486,0.001049648367796788,0.006402855043560407,0.006087960533221371
216,0.04929503367003367,0.01015361952861953,0.010469276094276093,0.008101851851851851,0.0013152356902356903,0.001210016835016835,0.0012626262626262627,0.006260521885521886,0.002788299663299663,0.003367003367003367,0.005681818181818182,0.004366582491582492,0.005839646464646465,0.005366161616161616,0.01210016835016835,0.01167929292929293,0.006891835016835017,0.01231060606060606,0.035037878787878785,0.020202020202020204,0.0013152356902356903,0.002840909090909091,0.00021043771043771043,0.000946969696969697,0.0007891414141414141,0.004945286195286195,0.00904882154882155,0.014046717171717172,0.006470959595959596,0.001473063973063973,0.0016308922558922558,0.0018413299663299664,0.008417508417508417,0.025094696969696968,0.0029987373737373735,0.003367003367003367,0.006050084175084175,0.028303872053872053,0.025936447811447813,0.01494107744107744,0.03419612794612795,0.007628367003367003,0.008680555555555556,0.052398989898989896,0.10048400673400673,0.0023674242424242425,0.00794402356902357,0.0009995791245791246,0.0012626262626262627,0.0025252525252525255,0.0032091750841750843,0.006470959595959596,0.020359848484848484,0.0010521885521885522,0.004524410774410775,0.01825547138047138,0.002735690235690236,0.001367845117845118,0.0019465488215488216,0.0015782828282828283,0.02241161616161616,0.030776515151515152,0.0361952861952862,0.06428872053872053,0.008838383838383838,0.004208754208754209,0.004261363636363636,0.00352483164983165,0.003630050505050505,0.0008943602693602694,0.0014204545454545455,0.0015782828282828283,0.0011047979797979798,0.0018413299663299664,0.0019465488215488216,0.00747053872053872,0.007733585858585859,0.004577020202020202,0.0010521885521885522,0.0011574074074074073,0.004734848484848485,0.0007891414141414141,0.004997895622895623,0.007154882154882155,0.005260942760942761,0.0016308922558922558,0.0016308922558922558,0.004997895622895623,0.005734427609427609,0.005313552188552189,0.003630050505050505,0.0025252525252525255,0.0005787037037037037,0.002577861952861953,0.004156144781144781,0.017203282828282828,0.0014204545454545455,0.003945707070707071,0.004261363636363636,0.006786616161616162,0.002156986531986532,0.005839646464646465,0.0033143939393939395,0.019518097643097643,0.000683922558922559,0.0009995791245791246,0.0009995791245791246,0.0010521885521885522,0.006523569023569023,0.006313131313131313
